SideStandInfo,Tbox MEMS Error Flag,Battery Error,BatTemp,BrakeStatus,Inverter Error,BatVolt,tboxId,BatCycleCount,BatSOH,BatPercent,ThrottlePercent,BatCurrent,GearInformation,ctime,sys_version,MotorRPM,MotorTemp,BMS ID,InverterTemp,Tbox Internal Bat Volt,tbox_id
0,0,No Error,299,0,,643,865209069519313,15,99,16,0,0,0,1738887031,1,0,0,BT106002912MT00221035793,0,81,4db8e093-a366-437b-bb9b-55b017cf9f53
0,0,No Error,299,0,,643,865209069519313,15,99,16,0,0,0,1738887031,1,0,0,BT106002912MT00221035793,0,81,4db8e093-a366-437b-bb9b-55b017cf9f53
0,0,No Error,299,0,,643,865209069519313,15,99,16,0,0,0,1738887061,1,0,0,BT106002912MT00221035793,0,81,4db8e093-a366-437b-bb9b-55b017cf9f53
0,0,No Error,299,0,,643,865209069519313,15,99,16,0,0,0,1738887061,1,0,0,BT106002912MT00221035793,0,81,4db8e093-a366-437b-bb9b-55b017cf9f53
0,0,No Error,299,0,,643,865209069519313,15,99,16,0,0,0,1738887061,1,0,0,BT106002912MT00221035793,0,81,4db8e093-a366-437b-bb9b-55b017cf9f53
0,0,No Error,299,0,,643,865209069519313,15,99,16,0,0,0,1738887061,1,0,0,BT106002912MT00221035793,0,81,4db8e093-a366-437b-bb9b-55b017cf9f53
0,0,No Error,299,0,,643,865209069519313,15,99,16,0,0,0,1738887091,1,0,0,BT106002912MT00221035793,0,81,4db8e093-a366-437b-bb9b-55b017cf9f53
0,0,No Error,299,0,,643,865209069519313,15,99,16,0,0,0,1738887091,1,0,0,BT106002912MT00221035793,0,81,4db8e093-a366-437b-bb9b-55b017cf9f53
0,0,No Error,299,0,,643,865209069519313,15,99,16,0,0,0,1738887091,1,0,0,BT106002912MT00221035793,0,81,4db8e093-a366-437b-bb9b-55b017cf9f53
0,0,No Error,299,0,,643,865209069519313,15,99,16,0,0,0,1738887091,1,0,0,BT106002912MT00221035793,0,81,4db8e093-a366-437b-bb9b-55b017cf9f53
0,0,No Error,299,0,No Error,620,865209069519313,15,99,15,95,298,3,1738887121,1,354,25,BT106002912MT00221035793,28,83,4db8e093-a366-437b-bb9b-55b017cf9f53
0,0,No Error,299,0,No Error,620,865209069519313,15,99,15,95,298,3,1738887121,1,354,25,BT106002912MT00221035793,28,83,4db8e093-a366-437b-bb9b-55b017cf9f53
0,0,No Error,299,0,No Error,620,865209069519313,15,99,15,95,298,3,1738887121,1,354,25,BT106002912MT00221035793,28,83,4db8e093-a366-437b-bb9b-55b017cf9f53
0,0,No Error,299,0,No Error,620,865209069519313,15,99,15,95,298,3,1738887121,1,354,25,BT106002912MT00221035793,28,83,4db8e093-a366-437b-bb9b-55b017cf9f53
0,0,No Error,299,0,No Error,634,865209069519313,15,99,15,0,4,0,1738887151,1,480,25,BT106002912MT00221035793,30,83,4db8e093-a366-437b-bb9b-55b017cf9f53
0,0,No Error,299,0,No Error,634,865209069519313,15,99,15,0,4,0,1738887151,1,480,25,BT106002912MT00221035793,30,83,4db8e093-a366-437b-bb9b-55b017cf9f53
0,0,No Error,300,0,No Error,623,865209069519313,15,99,15,55,135,3,1738887181,1,456,25,BT106002912MT00221035793,31,83,4db8e093-a366-437b-bb9b-55b017cf9f53
0,0,No Error,300,0,No Error,623,865209069519313,15,99,15,55,135,3,1738887181,1,456,25,BT106002912MT00221035793,31,83,4db8e093-a366-437b-bb9b-55b017cf9f53
0,0,No Error,300,0,No Error,623,865209069519313,15,99,15,55,135,3,1738887181,1,456,25,BT106002912MT00221035793,31,83,4db8e093-a366-437b-bb9b-55b017cf9f53
0,0,No Error,300,0,No Error,623,865209069519313,15,99,15,55,135,3,1738887181,1,456,25,BT106002912MT00221035793,31,83,4db8e093-a366-437b-bb9b-55b017cf9f53
0,0,No Error,302,0,No Error,621,865209069519313,15,99,14,67,137,3,1738887211,1,456,25,BT106002912MT00221035793,32,83,4db8e093-a366-437b-bb9b-55b017cf9f53
0,0,No Error,302,0,No Error,621,865209069519313,15,99,14,67,137,3,1738887211,1,456,25,BT106002912MT00221035793,32,83,4db8e093-a366-437b-bb9b-55b017cf9f53
0,0,No Error,302,0,No Error,621,865209069519313,15,99,14,67,137,3,1738887211,1,456,25,BT106002912MT00221035793,32,83,4db8e093-a366-437b-bb9b-55b017cf9f53
0,0,No Error,302,0,No Error,621,865209069519313,15,99,14,67,137,3,1738887211,1,456,25,BT106002912MT00221035793,32,83,4db8e093-a366-437b-bb9b-55b017cf9f53
0,0,No Error,302,0,No Error,634,865209069519313,15,99,14,0,4,0,1738887241,1,0,25,BT106002912MT00221035793,32,84,4db8e093-a366-437b-bb9b-55b017cf9f53
0,0,No Error,302,0,No Error,634,865209069519313,15,99,14,0,4,0,1738887241,1,0,25,BT106002912MT00221035793,32,84,4db8e093-a366-437b-bb9b-55b017cf9f53
0,0,No Error,302,0,No Error,634,865209069519313,15,99,14,0,4,0,1738887241,1,0,25,BT106002912MT00221035793,32,84,4db8e093-a366-437b-bb9b-55b017cf9f53
0,0,No Error,302,0,No Error,634,865209069519313,15,99,14,0,4,0,1738887241,1,0,25,BT106002912MT00221035793,32,84,4db8e093-a366-437b-bb9b-55b017cf9f53
0,0,No Error,303,0,No Error,621,865209069519313,15,99,13,48,141,3,1738887271,1,456,25,BT106002912MT00221035793,34,83,4db8e093-a366-437b-bb9b-55b017cf9f53
0,0,No Error,303,0,No Error,621,865209069519313,15,99,13,48,141,3,1738887271,1,456,25,BT106002912MT00221035793,34,83,4db8e093-a366-437b-bb9b-55b017cf9f53
0,0,No Error,303,0,No Error,621,865209069519313,15,99,13,48,141,3,1738887271,1,456,25,BT106002912MT00221035793,34,83,4db8e093-a366-437b-bb9b-55b017cf9f53
0,0,No Error,303,0,No Error,621,865209069519313,15,99,13,48,141,3,1738887271,1,456,25,BT106002912MT00221035793,34,83,4db8e093-a366-437b-bb9b-55b017cf9f53
0,0,No Error,304,0,No Error,623,865209069519313,15,99,13,59,113,3,1738887301,1,456,25,BT106002912MT00221035793,34,84,4db8e093-a366-437b-bb9b-55b017cf9f53
0,0,No Error,304,0,No Error,623,865209069519313,15,99,13,59,113,3,1738887301,1,456,25,BT106002912MT00221035793,34,84,4db8e093-a366-437b-bb9b-55b017cf9f53
0,0,No Error,305,0,No Error,622,865209069519313,15,99,12,65,105,3,1738887331,1,462,25,BT106002912MT00221035793,34,83,4db8e093-a366-437b-bb9b-55b017cf9f53
0,0,No Error,305,0,No Error,622,865209069519313,15,99,12,65,105,3,1738887331,1,462,25,BT106002912MT00221035793,34,83,4db8e093-a366-437b-bb9b-55b017cf9f53
0,0,No Error,306,0,No Error,633,865209069519313,15,99,12,0,5,0,1738887361,1,0,25,BT106002912MT00221035793,34,83,4db8e093-a366-437b-bb9b-55b017cf9f53
0,0,No Error,306,0,No Error,633,865209069519313,15,99,12,0,5,0,1738887361,1,0,25,BT106002912MT00221035793,34,83,4db8e093-a366-437b-bb9b-55b017cf9f53
0,0,No Error,306,0,No Error,634,865209069519313,15,99,0,0,0,3,1738887391,1,0,25,BT106002912MT00221035793,34,81,4db8e093-a366-437b-bb9b-55b017cf9f53
0,0,No Error,306,0,No Error,634,865209069519313,15,99,0,0,0,3,1738887391,1,0,25,BT106002912MT00221035793,34,81,4db8e093-a366-437b-bb9b-55b017cf9f53
0,0,No Error,306,0,No Error,634,865209069519313,15,99,0,0,0,3,1738887421,1,0,25,BT106002912MT00221035793,34,81,4db8e093-a366-437b-bb9b-55b017cf9f53
0,0,No Error,306,0,No Error,634,865209069519313,15,99,0,0,0,3,1738887421,1,0,25,BT106002912MT00221035793,34,81,4db8e093-a366-437b-bb9b-55b017cf9f53
0,0,No Error,306,0,No Error,634,865209069519313,15,99,0,0,0,3,1738887451,1,0,25,BT106002912MT00221035793,34,81,4db8e093-a366-437b-bb9b-55b017cf9f53
0,0,No Error,306,0,No Error,634,865209069519313,15,99,0,0,0,3,1738887451,1,0,25,BT106002912MT00221035793,34,81,4db8e093-a366-437b-bb9b-55b017cf9f53
0,0,No Error,306,0,No Error,634,865209069519313,15,99,0,0,0,3,1738887481,1,0,25,BT106002912MT00221035793,34,81,4db8e093-a366-437b-bb9b-55b017cf9f53
0,0,No Error,306,0,No Error,634,865209069519313,15,99,0,0,0,3,1738887481,1,0,25,BT106002912MT00221035793,34,81,4db8e093-a366-437b-bb9b-55b017cf9f53
0,0,No Error,306,0,No Error,634,865209069519313,15,99,0,0,0,3,1738887481,1,0,25,BT106002912MT00221035793,34,81,4db8e093-a366-437b-bb9b-55b017cf9f53
0,0,No Error,306,0,No Error,634,865209069519313,15,99,0,0,0,3,1738887481,1,0,25,BT106002912MT00221035793,34,81,4db8e093-a366-437b-bb9b-55b017cf9f53
0,0,No Error,306,0,No Error,634,865209069519313,15,99,0,0,0,3,1738887511,1,0,25,BT106002912MT00221035793,34,81,4db8e093-a366-437b-bb9b-55b017cf9f53
0,0,No Error,306,0,No Error,634,865209069519313,15,99,0,0,0,3,1738887511,1,0,25,BT106002912MT00221035793,34,81,4db8e093-a366-437b-bb9b-55b017cf9f53
0,0,No Error,306,0,No Error,634,865209069519313,15,99,0,0,0,3,1738887511,1,0,25,BT106002912MT00221035793,34,81,4db8e093-a366-437b-bb9b-55b017cf9f53
0,0,No Error,306,0,No Error,634,865209069519313,15,99,0,0,0,3,1738887511,1,0,25,BT106002912MT00221035793,34,81,4db8e093-a366-437b-bb9b-55b017cf9f53
0,0,No Error,301,0,No Error,658,865209069519313,9,95,100,0,0,0,1738887575,1,42,25,BT106003012MT00221017838,32,83,4db8e093-a366-437b-bb9b-55b017cf9f53
0,0,No Error,301,0,No Error,658,865209069519313,9,95,100,0,0,0,1738887575,1,42,25,BT106003012MT00221017838,32,83,4db8e093-a366-437b-bb9b-55b017cf9f53
0,0,No Error,301,0,No Error,658,865209069519313,9,95,100,0,0,0,1738887575,1,42,25,BT106003012MT00221017838,32,83,4db8e093-a366-437b-bb9b-55b017cf9f53
0,0,No Error,301,0,No Error,658,865209069519313,9,95,100,0,0,0,1738887575,1,42,25,BT106003012MT00221017838,32,83,4db8e093-a366-437b-bb9b-55b017cf9f53
0,0,No Error,301,0,No Error,653,865209069519313,9,95,100,0,0,0,1738887605,1,102,25,BT106003012MT00221017838,35,83,4db8e093-a366-437b-bb9b-55b017cf9f53
0,0,No Error,301,0,No Error,653,865209069519313,9,95,100,0,0,0,1738887605,1,102,25,BT106003012MT00221017838,35,83,4db8e093-a366-437b-bb9b-55b017cf9f53
0,0,No Error,301,0,No Error,653,865209069519313,9,95,100,0,0,0,1738887605,1,102,25,BT106003012MT00221017838,35,83,4db8e093-a366-437b-bb9b-55b017cf9f53
0,0,No Error,301,0,No Error,653,865209069519313,9,95,100,0,0,0,1738887605,1,102,25,BT106003012MT00221017838,35,83,4db8e093-a366-437b-bb9b-55b017cf9f53
0,0,No Error,301,0,No Error,662,865209069519313,9,95,100,0,0,3,1738887635,1,0,25,BT106003012MT00221017838,36,81,4db8e093-a366-437b-bb9b-55b017cf9f53
0,0,No Error,301,0,No Error,662,865209069519313,9,95,100,0,0,3,1738887635,1,0,25,BT106003012MT00221017838,36,81,4db8e093-a366-437b-bb9b-55b017cf9f53
0,0,No Error,301,0,No Error,662,865209069519313,9,95,100,0,0,3,1738887635,1,0,25,BT106003012MT00221017838,36,81,4db8e093-a366-437b-bb9b-55b017cf9f53
0,0,No Error,301,0,No Error,662,865209069519313,9,95,100,0,0,3,1738887635,1,0,25,BT106003012MT00221017838,36,81,4db8e093-a366-437b-bb9b-55b017cf9f53
0,0,No Error,301,0,No Error,663,865209069519313,9,95,100,0,0,3,1738887665,1,0,25,BT106003012MT00221017838,36,81,4db8e093-a366-437b-bb9b-55b017cf9f53
0,0,No Error,301,0,No Error,663,865209069519313,9,95,100,0,0,3,1738887665,1,0,25,BT106003012MT00221017838,36,81,4db8e093-a366-437b-bb9b-55b017cf9f53
0,0,No Error,301,0,No Error,663,865209069519313,9,95,100,0,0,3,1738887695,1,0,25,BT106003012MT00221017838,36,81,4db8e093-a366-437b-bb9b-55b017cf9f53
0,0,No Error,301,0,No Error,663,865209069519313,9,95,100,0,0,3,1738887695,1,0,25,BT106003012MT00221017838,36,81,4db8e093-a366-437b-bb9b-55b017cf9f53
0,0,No Error,301,0,No Error,663,865209069519313,9,95,100,0,0,3,1738887725,1,0,25,BT106003012MT00221017838,36,81,4db8e093-a366-437b-bb9b-55b017cf9f53
0,0,No Error,301,0,No Error,663,865209069519313,9,95,100,0,0,3,1738887725,1,0,25,BT106003012MT00221017838,36,81,4db8e093-a366-437b-bb9b-55b017cf9f53
0,0,No Error,301,0,No Error,663,865209069519313,9,95,100,0,0,3,1738887725,1,0,25,BT106003012MT00221017838,36,81,4db8e093-a366-437b-bb9b-55b017cf9f53
0,0,No Error,301,0,No Error,663,865209069519313,9,95,100,0,0,3,1738887725,1,0,25,BT106003012MT00221017838,36,81,4db8e093-a366-437b-bb9b-55b017cf9f53
0,0,No Error,301,0,No Error,664,865209069519313,9,95,100,0,0,3,1738887755,1,0,25,BT106003012MT00221017838,36,81,4db8e093-a366-437b-bb9b-55b017cf9f53
0,0,No Error,301,0,No Error,664,865209069519313,9,95,100,0,0,3,1738887755,1,0,25,BT106003012MT00221017838,36,81,4db8e093-a366-437b-bb9b-55b017cf9f53
0,0,No Error,301,0,No Error,664,865209069519313,9,95,100,0,0,3,1738887785,1,0,25,BT106003012MT00221017838,36,81,4db8e093-a366-437b-bb9b-55b017cf9f53
0,0,No Error,301,0,No Error,664,865209069519313,9,95,100,0,0,3,1738887785,1,0,25,BT106003012MT00221017838,36,81,4db8e093-a366-437b-bb9b-55b017cf9f53
0,0,No Error,301,0,No Error,664,865209069519313,9,95,100,0,0,3,1738887785,1,0,25,BT106003012MT00221017838,36,81,4db8e093-a366-437b-bb9b-55b017cf9f53
0,0,No Error,301,0,No Error,664,865209069519313,9,95,100,0,0,3,1738887785,1,0,25,BT106003012MT00221017838,36,81,4db8e093-a366-437b-bb9b-55b017cf9f53
0,0,No Error,290,0,No Error,664,865209069519313,9,95,100,0,0,0,1738892234,1,0,25,BT106003012MT00221017838,28,83,4db8e093-a366-437b-bb9b-55b017cf9f53
0,0,No Error,290,0,No Error,664,865209069519313,9,95,100,0,0,0,1738892234,1,0,25,BT106003012MT00221017838,28,83,4db8e093-a366-437b-bb9b-55b017cf9f53
0,0,No Error,290,0,No Error,664,865209069519313,9,95,100,0,0,0,1738892234,1,0,25,BT106003012MT00221017838,28,83,4db8e093-a366-437b-bb9b-55b017cf9f53
0,0,No Error,290,0,No Error,664,865209069519313,9,95,100,0,0,0,1738892234,1,0,25,BT106003012MT00221017838,28,83,4db8e093-a366-437b-bb9b-55b017cf9f53
0,0,No Error,290,0,No Error,659,865209069519313,9,95,100,0,9,0,1738892264,1,288,25,BT106003012MT00221017838,31,84,4db8e093-a366-437b-bb9b-55b017cf9f53
0,0,No Error,290,0,No Error,659,865209069519313,9,95,100,0,9,0,1738892264,1,288,25,BT106003012MT00221017838,31,84,4db8e093-a366-437b-bb9b-55b017cf9f53
0,0,No Error,290,0,No Error,659,865209069519313,9,95,100,0,9,0,1738892264,1,288,25,BT106003012MT00221017838,31,84,4db8e093-a366-437b-bb9b-55b017cf9f53
0,0,No Error,290,0,No Error,659,865209069519313,9,95,100,0,9,0,1738892264,1,288,25,BT106003012MT00221017838,31,84,4db8e093-a366-437b-bb9b-55b017cf9f53
0,0,No Error,290,0,No Error,662,865209069519313,9,95,100,0,0,3,1738892294,1,0,25,BT106003012MT00221017838,31,84,4db8e093-a366-437b-bb9b-55b017cf9f53
0,0,No Error,290,0,No Error,662,865209069519313,9,95,100,0,0,3,1738892294,1,0,25,BT106003012MT00221017838,31,84,4db8e093-a366-437b-bb9b-55b017cf9f53
0,0,No Error,290,0,No Error,661,865209069519313,9,95,100,0,0,0,1738892324,1,60,25,BT106003012MT00221017838,33,83,4db8e093-a366-437b-bb9b-55b017cf9f53
0,0,No Error,290,0,No Error,661,865209069519313,9,95,100,0,0,0,1738892324,1,60,25,BT106003012MT00221017838,33,83,4db8e093-a366-437b-bb9b-55b017cf9f53
0,0,No Error,291,0,No Error,643,865209069519313,9,95,100,14,320,0,1738892354,1,420,25,BT106003012MT00221017838,35,83,4db8e093-a366-437b-bb9b-55b017cf9f53
0,0,No Error,291,0,No Error,643,865209069519313,9,95,100,14,320,0,1738892354,1,420,25,BT106003012MT00221017838,35,83,4db8e093-a366-437b-bb9b-55b017cf9f53
0,0,No Error,291,0,No Error,643,865209069519313,9,95,100,14,320,0,1738892354,1,420,25,BT106003012MT00221017838,35,83,4db8e093-a366-437b-bb9b-55b017cf9f53
0,0,No Error,291,0,No Error,643,865209069519313,9,95,100,14,320,0,1738892354,1,420,25,BT106003012MT00221017838,35,83,4db8e093-a366-437b-bb9b-55b017cf9f53
0,0,No Error,291,0,No Error,645,865209069519313,9,95,100,49,193,3,1738892384,1,462,25,BT106003012MT00221017838,37,84,4db8e093-a366-437b-bb9b-55b017cf9f53
0,0,No Error,291,0,No Error,645,865209069519313,9,95,100,49,193,3,1738892384,1,462,25,BT106003012MT00221017838,37,84,4db8e093-a366-437b-bb9b-55b017cf9f53
0,0,No Error,291,0,No Error,645,865209069519313,9,95,100,49,193,3,1738892384,1,462,25,BT106003012MT00221017838,37,84,4db8e093-a366-437b-bb9b-55b017cf9f53
0,0,No Error,291,0,No Error,645,865209069519313,9,95,100,49,193,3,1738892384,1,462,25,BT106003012MT00221017838,37,84,4db8e093-a366-437b-bb9b-55b017cf9f53
0,0,No Error,292,0,No Error,653,865209069519313,9,95,100,100,83,3,1738892414,1,480,25,BT106003012MT00221017838,37,83,4db8e093-a366-437b-bb9b-55b017cf9f53
0,0,No Error,292,0,No Error,653,865209069519313,9,95,100,100,83,3,1738892414,1,480,25,BT106003012MT00221017838,37,83,4db8e093-a366-437b-bb9b-55b017cf9f53
0,0,No Error,292,0,No Error,653,865209069519313,9,95,100,100,83,3,1738892414,1,480,25,BT106003012MT00221017838,37,83,4db8e093-a366-437b-bb9b-55b017cf9f53
0,0,No Error,292,0,No Error,653,865209069519313,9,95,100,100,83,3,1738892414,1,480,25,BT106003012MT00221017838,37,83,4db8e093-a366-437b-bb9b-55b017cf9f53
0,0,No Error,292,0,No Error,652,865209069519313,9,95,100,100,131,3,1738892444,1,480,25,BT106003012MT00221017838,37,83,4db8e093-a366-437b-bb9b-55b017cf9f53
0,0,No Error,292,0,No Error,652,865209069519313,9,95,100,100,131,3,1738892444,1,480,25,BT106003012MT00221017838,37,83,4db8e093-a366-437b-bb9b-55b017cf9f53
0,0,No Error,293,0,No Error,662,865209069519313,9,95,100,0,85,0,1738892474,1,390,25,BT106003012MT00221017838,37,83,4db8e093-a366-437b-bb9b-55b017cf9f53
0,0,No Error,293,0,No Error,662,865209069519313,9,95,100,0,85,0,1738892474,1,390,25,BT106003012MT00221017838,37,83,4db8e093-a366-437b-bb9b-55b017cf9f53
0,0,No Error,294,0,No Error,662,865209069519313,9,95,99,0,25,3,1738892504,1,426,25,BT106003012MT00221017838,39,83,4db8e093-a366-437b-bb9b-55b017cf9f53
0,0,No Error,294,0,No Error,662,865209069519313,9,95,99,0,25,3,1738892504,1,426,25,BT106003012MT00221017838,39,83,4db8e093-a366-437b-bb9b-55b017cf9f53
0,0,No Error,294,0,No Error,662,865209069519313,9,95,99,0,25,3,1738892504,1,426,25,BT106003012MT00221017838,39,83,4db8e093-a366-437b-bb9b-55b017cf9f53
0,0,No Error,294,0,No Error,662,865209069519313,9,95,99,0,25,3,1738892504,1,426,25,BT106003012MT00221017838,39,83,4db8e093-a366-437b-bb9b-55b017cf9f53
0,0,No Error,294,0,No Error,663,865209069519313,9,95,99,0,93,0,1738892534,1,96,25,BT106003012MT00221017838,39,83,4db8e093-a366-437b-bb9b-55b017cf9f53
0,0,No Error,294,0,No Error,663,865209069519313,9,95,99,0,93,0,1738892534,1,96,25,BT106003012MT00221017838,39,83,4db8e093-a366-437b-bb9b-55b017cf9f53
0,0,No Error,294,0,No Error,663,865209069519313,9,95,99,0,93,0,1738892534,1,96,25,BT106003012MT00221017838,39,83,4db8e093-a366-437b-bb9b-55b017cf9f53
0,0,No Error,294,0,No Error,663,865209069519313,9,95,99,0,93,0,1738892534,1,96,25,BT106003012MT00221017838,39,83,4db8e093-a366-437b-bb9b-55b017cf9f53
0,0,No Error,295,0,No Error,643,865209069519313,9,95,98,71,274,3,1738892564,1,462,25,BT106003012MT00221017838,41,83,4db8e093-a366-437b-bb9b-55b017cf9f53
0,0,No Error,295,0,No Error,643,865209069519313,9,95,98,71,274,3,1738892564,1,462,25,BT106003012MT00221017838,41,83,4db8e093-a366-437b-bb9b-55b017cf9f53
0,0,No Error,296,0,No Error,642,865209069519313,9,95,97,100,288,3,1738892594,1,444,25,BT106003012MT00221017838,41,83,4db8e093-a366-437b-bb9b-55b017cf9f53
0,0,No Error,296,0,No Error,642,865209069519313,9,95,97,100,288,3,1738892594,1,444,25,BT106003012MT00221017838,41,83,4db8e093-a366-437b-bb9b-55b017cf9f53
0,0,No Error,297,0,No Error,654,865209069519313,9,95,97,0,5,0,1738892624,1,108,25,BT106003012MT00221017838,42,83,4db8e093-a366-437b-bb9b-55b017cf9f53
0,0,No Error,297,0,No Error,654,865209069519313,9,95,97,0,5,0,1738892624,1,108,25,BT106003012MT00221017838,42,83,4db8e093-a366-437b-bb9b-55b017cf9f53
0,0,No Error,297,0,No Error,654,865209069519313,9,95,97,0,5,0,1738892624,1,108,25,BT106003012MT00221017838,42,83,4db8e093-a366-437b-bb9b-55b017cf9f53
0,0,No Error,297,0,No Error,654,865209069519313,9,95,97,0,5,0,1738892624,1,108,25,BT106003012MT00221017838,42,83,4db8e093-a366-437b-bb9b-55b017cf9f53
0,0,No Error,297,0,No Error,662,865209069519313,9,95,97,0,0,3,1738892654,1,0,25,BT106003012MT00221017838,42,82,4db8e093-a366-437b-bb9b-55b017cf9f53
0,0,No Error,297,0,No Error,662,865209069519313,9,95,97,0,0,3,1738892654,1,0,25,BT106003012MT00221017838,42,82,4db8e093-a366-437b-bb9b-55b017cf9f53
0,0,No Error,297,0,No Error,662,865209069519313,9,95,97,0,0,3,1738892654,1,0,25,BT106003012MT00221017838,42,82,4db8e093-a366-437b-bb9b-55b017cf9f53
0,0,No Error,297,0,No Error,662,865209069519313,9,95,97,0,0,3,1738892654,1,0,25,BT106003012MT00221017838,42,82,4db8e093-a366-437b-bb9b-55b017cf9f53
0,0,No Error,297,0,No Error,663,865209069519313,9,95,97,0,0,3,1738892684,1,0,25,BT106003012MT00221017838,42,82,4db8e093-a366-437b-bb9b-55b017cf9f53
0,0,No Error,297,0,No Error,663,865209069519313,9,95,97,0,0,3,1738892684,1,0,25,BT106003012MT00221017838,42,82,4db8e093-a366-437b-bb9b-55b017cf9f53
0,0,No Error,297,0,No Error,663,865209069519313,9,95,97,0,0,3,1738892684,1,0,25,BT106003012MT00221017838,42,82,4db8e093-a366-437b-bb9b-55b017cf9f53
0,0,No Error,297,0,No Error,663,865209069519313,9,95,97,0,0,3,1738892684,1,0,25,BT106003012MT00221017838,42,82,4db8e093-a366-437b-bb9b-55b017cf9f53
0,0,No Error,297,0,No Error,663,865209069519313,9,95,97,0,0,3,1738892714,1,0,25,BT106003012MT00221017838,42,82,4db8e093-a366-437b-bb9b-55b017cf9f53
0,0,No Error,297,0,No Error,663,865209069519313,9,95,97,0,0,3,1738892714,1,0,25,BT106003012MT00221017838,42,82,4db8e093-a366-437b-bb9b-55b017cf9f53
0,0,No Error,297,0,No Error,663,865209069519313,9,95,97,0,0,3,1738892744,1,0,25,BT106003012MT00221017838,42,81,4db8e093-a366-437b-bb9b-55b017cf9f53
0,0,No Error,297,0,No Error,663,865209069519313,9,95,97,0,0,3,1738892744,1,0,25,BT106003012MT00221017838,42,81,4db8e093-a366-437b-bb9b-55b017cf9f53
0,0,No Error,297,0,No Error,663,865209069519313,9,95,97,0,0,3,1738892744,1,0,25,BT106003012MT00221017838,42,81,4db8e093-a366-437b-bb9b-55b017cf9f53
0,0,No Error,297,0,No Error,663,865209069519313,9,95,97,0,0,3,1738892744,1,0,25,BT106003012MT00221017838,42,81,4db8e093-a366-437b-bb9b-55b017cf9f53
0,0,No Error,297,0,No Error,663,865209069519313,9,95,97,0,0,3,1738892774,1,0,25,BT106003012MT00221017838,42,81,4db8e093-a366-437b-bb9b-55b017cf9f53
0,0,No Error,297,0,No Error,663,865209069519313,9,95,97,0,0,3,1738892774,1,0,25,BT106003012MT00221017838,42,81,4db8e093-a366-437b-bb9b-55b017cf9f53
0,0,No Error,297,0,No Error,664,865209069519313,9,95,97,0,0,3,1738892804,1,0,25,BT106003012MT00221017838,42,81,4db8e093-a366-437b-bb9b-55b017cf9f53
0,0,No Error,297,0,No Error,664,865209069519313,9,95,97,0,0,3,1738892804,1,0,25,BT106003012MT00221017838,42,81,4db8e093-a366-437b-bb9b-55b017cf9f53
0,0,No Error,297,0,No Error,664,865209069519313,9,95,97,0,0,3,1738892804,1,0,25,BT106003012MT00221017838,42,81,4db8e093-a366-437b-bb9b-55b017cf9f53
0,0,No Error,297,0,No Error,664,865209069519313,9,95,97,0,0,3,1738892804,1,0,25,BT106003012MT00221017838,42,81,4db8e093-a366-437b-bb9b-55b017cf9f53
0,0,No Error,292,0,No Error,666,865209069519313,9,95,97,0,100,3,1738895259,1,402,25,BT106003012MT00221017838,31,84,4db8e093-a366-437b-bb9b-55b017cf9f53
0,0,No Error,292,0,No Error,666,865209069519313,9,95,97,0,100,3,1738895259,1,402,25,BT106003012MT00221017838,31,84,4db8e093-a366-437b-bb9b-55b017cf9f53
0,0,No Error,293,0,No Error,664,865209069519313,9,95,97,0,0,0,1738895289,1,0,25,BT106003012MT00221017838,31,83,4db8e093-a366-437b-bb9b-55b017cf9f53
0,0,No Error,293,0,No Error,664,865209069519313,9,95,97,0,0,0,1738895289,1,0,25,BT106003012MT00221017838,31,83,4db8e093-a366-437b-bb9b-55b017cf9f53
0,0,No Error,293,0,No Error,665,865209069519313,9,95,97,0,0,0,1738895319,1,0,25,BT106003012MT00221017838,31,82,4db8e093-a366-437b-bb9b-55b017cf9f53
0,0,No Error,293,0,No Error,665,865209069519313,9,95,97,0,0,0,1738895319,1,0,25,BT106003012MT00221017838,31,82,4db8e093-a366-437b-bb9b-55b017cf9f53
0,0,No Error,293,0,No Error,665,865209069519313,9,95,97,0,0,0,1738895349,1,0,25,BT106003012MT00221017838,31,81,4db8e093-a366-437b-bb9b-55b017cf9f53
0,0,No Error,293,0,No Error,665,865209069519313,9,95,97,0,0,0,1738895349,1,0,25,BT106003012MT00221017838,31,81,4db8e093-a366-437b-bb9b-55b017cf9f53
0,0,No Error,293,0,No Error,665,865209069519313,9,95,97,0,0,0,1738895379,1,0,25,BT106003012MT00221017838,31,81,4db8e093-a366-437b-bb9b-55b017cf9f53
0,0,No Error,293,0,No Error,665,865209069519313,9,95,97,0,0,0,1738895379,1,0,25,BT106003012MT00221017838,31,81,4db8e093-a366-437b-bb9b-55b017cf9f53
0,0,No Error,293,0,No Error,665,865209069519313,9,95,97,0,0,0,1738895409,1,0,25,BT106003012MT00221017838,31,81,4db8e093-a366-437b-bb9b-55b017cf9f53
0,0,No Error,293,0,No Error,665,865209069519313,9,95,97,0,0,0,1738895409,1,0,25,BT106003012MT00221017838,31,81,4db8e093-a366-437b-bb9b-55b017cf9f53
0,0,No Error,293,0,No Error,665,865209069519313,9,95,97,0,0,0,1738895409,1,0,25,BT106003012MT00221017838,31,81,4db8e093-a366-437b-bb9b-55b017cf9f53
0,0,No Error,293,0,No Error,665,865209069519313,9,95,97,0,0,0,1738895409,1,0,25,BT106003012MT00221017838,31,81,4db8e093-a366-437b-bb9b-55b017cf9f53
0,0,No Error,293,0,No Error,665,865209069519313,9,95,97,0,0,0,1738895439,1,0,25,BT106003012MT00221017838,31,81,4db8e093-a366-437b-bb9b-55b017cf9f53
0,0,No Error,293,0,No Error,665,865209069519313,9,95,97,0,0,0,1738895439,1,0,25,BT106003012MT00221017838,31,81,4db8e093-a366-437b-bb9b-55b017cf9f53
0,0,No Error,293,0,No Error,665,865209069519313,9,95,97,0,0,0,1738895439,1,0,25,BT106003012MT00221017838,31,81,4db8e093-a366-437b-bb9b-55b017cf9f53
0,0,No Error,293,0,No Error,665,865209069519313,9,95,97,0,0,0,1738895439,1,0,25,BT106003012MT00221017838,31,81,4db8e093-a366-437b-bb9b-55b017cf9f53
0,0,No Error,292,0,No Error,660,865209069519313,10,95,97,100,187,0,1738895922,1,12,25,BT106003012MT00221017838,29,83,4db8e093-a366-437b-bb9b-55b017cf9f53
0,0,No Error,292,0,No Error,660,865209069519313,10,95,97,100,187,0,1738895922,1,12,25,BT106003012MT00221017838,29,83,4db8e093-a366-437b-bb9b-55b017cf9f53
0,0,No Error,292,0,No Error,660,865209069519313,10,95,97,100,187,0,1738895922,1,12,25,BT106003012MT00221017838,29,83,4db8e093-a366-437b-bb9b-55b017cf9f53
0,0,No Error,292,0,No Error,660,865209069519313,10,95,97,100,187,0,1738895922,1,12,25,BT106003012MT00221017838,29,83,4db8e093-a366-437b-bb9b-55b017cf9f53
0,0,No Error,292,0,No Error,640,865209069519313,10,95,96,100,336,3,1738895952,1,432,25,BT106003012MT00221017838,35,83,4db8e093-a366-437b-bb9b-55b017cf9f53
0,0,No Error,292,0,No Error,640,865209069519313,10,95,96,100,336,3,1738895952,1,432,25,BT106003012MT00221017838,35,83,4db8e093-a366-437b-bb9b-55b017cf9f53
0,0,No Error,292,0,No Error,640,865209069519313,10,95,96,100,336,3,1738895952,1,432,25,BT106003012MT00221017838,35,83,4db8e093-a366-437b-bb9b-55b017cf9f53
0,0,No Error,292,0,No Error,640,865209069519313,10,95,96,100,336,3,1738895952,1,432,25,BT106003012MT00221017838,35,83,4db8e093-a366-437b-bb9b-55b017cf9f53
0,0,No Error,294,0,No Error,660,865209069519313,10,95,96,0,0,3,1738895982,1,0,25,BT106003012MT00221017838,36,81,4db8e093-a366-437b-bb9b-55b017cf9f53
0,0,No Error,294,0,No Error,660,865209069519313,10,95,96,0,0,3,1738895982,1,0,25,BT106003012MT00221017838,36,81,4db8e093-a366-437b-bb9b-55b017cf9f53
0,0,No Error,294,0,No Error,660,865209069519313,10,95,96,0,0,3,1738895982,1,0,25,BT106003012MT00221017838,36,81,4db8e093-a366-437b-bb9b-55b017cf9f53
0,0,No Error,294,0,No Error,660,865209069519313,10,95,96,0,0,3,1738895982,1,0,25,BT106003012MT00221017838,36,81,4db8e093-a366-437b-bb9b-55b017cf9f53
0,0,No Error,294,0,No Error,662,865209069519313,10,95,96,0,0,3,1738896012,1,0,25,BT106003012MT00221017838,36,81,4db8e093-a366-437b-bb9b-55b017cf9f53
0,0,No Error,294,0,No Error,662,865209069519313,10,95,96,0,0,3,1738896012,1,0,25,BT106003012MT00221017838,36,81,4db8e093-a366-437b-bb9b-55b017cf9f53
0,0,No Error,294,0,No Error,662,865209069519313,10,95,96,0,0,3,1738896012,1,0,25,BT106003012MT00221017838,36,81,4db8e093-a366-437b-bb9b-55b017cf9f53
0,0,No Error,294,0,No Error,662,865209069519313,10,95,96,0,0,3,1738896012,1,0,25,BT106003012MT00221017838,36,81,4db8e093-a366-437b-bb9b-55b017cf9f53
0,0,No Error,294,0,No Error,663,865209069519313,10,95,96,0,0,3,1738896042,1,0,25,BT106003012MT00221017838,36,81,4db8e093-a366-437b-bb9b-55b017cf9f53
0,0,No Error,294,0,No Error,663,865209069519313,10,95,96,0,0,3,1738896042,1,0,25,BT106003012MT00221017838,36,81,4db8e093-a366-437b-bb9b-55b017cf9f53
0,0,No Error,294,0,No Error,663,865209069519313,10,95,96,0,0,3,1738896072,1,0,25,BT106003012MT00221017838,36,81,4db8e093-a366-437b-bb9b-55b017cf9f53
0,0,No Error,294,0,No Error,663,865209069519313,10,95,96,0,0,3,1738896072,1,0,25,BT106003012MT00221017838,36,81,4db8e093-a366-437b-bb9b-55b017cf9f53
0,0,No Error,295,0,No Error,664,865209069519313,10,95,96,0,0,3,1738896102,1,0,25,BT106003012MT00221017838,36,81,4db8e093-a366-437b-bb9b-55b017cf9f53
0,0,No Error,295,0,No Error,664,865209069519313,10,95,96,0,0,3,1738896102,1,0,25,BT106003012MT00221017838,36,81,4db8e093-a366-437b-bb9b-55b017cf9f53
0,0,No Error,295,0,No Error,664,865209069519313,10,95,96,0,0,3,1738896102,1,0,25,BT106003012MT00221017838,36,81,4db8e093-a366-437b-bb9b-55b017cf9f53
0,0,No Error,295,0,No Error,664,865209069519313,10,95,96,0,0,3,1738896102,1,0,25,BT106003012MT00221017838,36,81,4db8e093-a366-437b-bb9b-55b017cf9f53
0,0,No Error,295,0,No Error,664,865209069519313,10,95,96,0,0,3,1738896132,1,0,25,BT106003012MT00221017838,36,81,4db8e093-a366-437b-bb9b-55b017cf9f53
0,0,No Error,295,0,No Error,664,865209069519313,10,95,96,0,0,3,1738896132,1,0,25,BT106003012MT00221017838,36,81,4db8e093-a366-437b-bb9b-55b017cf9f53
0,0,No Error,295,0,No Error,664,865209069519313,10,95,96,0,0,3,1738896132,1,0,25,BT106003012MT00221017838,36,81,4db8e093-a366-437b-bb9b-55b017cf9f53
0,0,No Error,295,0,No Error,664,865209069519313,10,95,96,0,0,3,1738896132,1,0,25,BT106003012MT00221017838,36,81,4db8e093-a366-437b-bb9b-55b017cf9f53
0,0,No Error,294,0,No Error,665,865209069519313,10,95,96,0,39,0,1738896449,1,276,25,BT106003012MT00221017838,33,83,4db8e093-a366-437b-bb9b-55b017cf9f53
0,0,No Error,294,0,No Error,665,865209069519313,10,95,96,0,39,0,1738896449,1,276,25,BT106003012MT00221017838,33,83,4db8e093-a366-437b-bb9b-55b017cf9f53
0,0,No Error,294,0,No Error,665,865209069519313,10,95,96,0,39,0,1738896449,1,276,25,BT106003012MT00221017838,33,83,4db8e093-a366-437b-bb9b-55b017cf9f53
0,0,No Error,294,0,No Error,665,865209069519313,10,95,96,0,39,0,1738896449,1,276,25,BT106003012MT00221017838,33,83,4db8e093-a366-437b-bb9b-55b017cf9f53
0,0,No Error,294,0,No Error,661,865209069519313,10,95,96,0,0,3,1738896479,1,486,25,BT106003012MT00221017838,34,84,4db8e093-a366-437b-bb9b-55b017cf9f53
0,0,No Error,294,0,No Error,661,865209069519313,10,95,96,0,0,3,1738896479,1,486,25,BT106003012MT00221017838,34,84,4db8e093-a366-437b-bb9b-55b017cf9f53
0,0,No Error,295,0,No Error,651,865209069519313,10,95,95,47,128,3,1738896509,1,480,25,BT106003012MT00221017838,34,83,4db8e093-a366-437b-bb9b-55b017cf9f53
0,0,No Error,295,0,No Error,651,865209069519313,10,95,95,47,128,3,1738896509,1,480,25,BT106003012MT00221017838,34,83,4db8e093-a366-437b-bb9b-55b017cf9f53
0,0,No Error,295,0,No Error,660,865209069519313,10,95,95,0,3,3,1738896539,1,0,25,BT106003012MT00221017838,36,82,4db8e093-a366-437b-bb9b-55b017cf9f53
0,0,No Error,295,0,No Error,660,865209069519313,10,95,95,0,3,3,1738896539,1,0,25,BT106003012MT00221017838,36,82,4db8e093-a366-437b-bb9b-55b017cf9f53
0,0,No Error,296,0,No Error,662,865209069519313,10,95,95,0,0,3,1738896569,1,0,25,BT106003012MT00221017838,36,82,4db8e093-a366-437b-bb9b-55b017cf9f53
0,0,No Error,296,0,No Error,662,865209069519313,10,95,95,0,0,3,1738896569,1,0,25,BT106003012MT00221017838,36,82,4db8e093-a366-437b-bb9b-55b017cf9f53
0,0,No Error,296,0,No Error,662,865209069519313,10,95,95,0,0,3,1738896569,1,0,25,BT106003012MT00221017838,36,82,4db8e093-a366-437b-bb9b-55b017cf9f53
0,0,No Error,296,0,No Error,662,865209069519313,10,95,95,0,0,3,1738896569,1,0,25,BT106003012MT00221017838,36,82,4db8e093-a366-437b-bb9b-55b017cf9f53
0,0,No Error,296,0,No Error,663,865209069519313,10,95,95,0,0,3,1738896599,1,0,25,BT106003012MT00221017838,36,81,4db8e093-a366-437b-bb9b-55b017cf9f53
0,0,No Error,296,0,No Error,663,865209069519313,10,95,95,0,0,3,1738896599,1,0,25,BT106003012MT00221017838,36,81,4db8e093-a366-437b-bb9b-55b017cf9f53
0,0,No Error,296,0,No Error,664,865209069519313,10,95,95,0,0,3,1738896629,1,0,25,BT106003012MT00221017838,36,81,4db8e093-a366-437b-bb9b-55b017cf9f53
0,0,No Error,296,0,No Error,664,865209069519313,10,95,95,0,0,3,1738896629,1,0,25,BT106003012MT00221017838,36,81,4db8e093-a366-437b-bb9b-55b017cf9f53
0,0,No Error,296,0,No Error,664,865209069519313,10,95,95,0,0,3,1738896629,1,0,25,BT106003012MT00221017838,36,81,4db8e093-a366-437b-bb9b-55b017cf9f53
0,0,No Error,296,0,No Error,664,865209069519313,10,95,95,0,0,3,1738896629,1,0,25,BT106003012MT00221017838,36,81,4db8e093-a366-437b-bb9b-55b017cf9f53
0,0,No Error,296,0,No Error,664,865209069519313,10,95,95,0,0,3,1738896659,1,0,25,BT106003012MT00221017838,36,81,4db8e093-a366-437b-bb9b-55b017cf9f53
0,0,No Error,296,0,No Error,664,865209069519313,10,95,95,0,0,3,1738896659,1,0,25,BT106003012MT00221017838,36,81,4db8e093-a366-437b-bb9b-55b017cf9f53
0,0,No Error,296,0,No Error,664,865209069519313,10,95,95,0,0,3,1738896689,1,0,25,BT106003012MT00221017838,36,81,4db8e093-a366-437b-bb9b-55b017cf9f53
0,0,No Error,296,0,No Error,664,865209069519313,10,95,95,0,0,3,1738896689,1,0,25,BT106003012MT00221017838,36,81,4db8e093-a366-437b-bb9b-55b017cf9f53
0,0,No Error,296,0,No Error,664,865209069519313,10,95,95,0,0,3,1738896689,1,0,25,BT106003012MT00221017838,36,81,4db8e093-a366-437b-bb9b-55b017cf9f53
0,0,No Error,296,0,No Error,664,865209069519313,10,95,95,0,0,3,1738896689,1,0,25,BT106003012MT00221017838,36,81,4db8e093-a366-437b-bb9b-55b017cf9f53
0,0,No Error,295,0,No Error,665,865209069519313,10,95,95,0,0,3,1738897095,1,0,25,BT106003012MT00221017838,32,83,4db8e093-a366-437b-bb9b-55b017cf9f53
0,0,No Error,295,0,No Error,665,865209069519313,10,95,95,0,0,3,1738897095,1,0,25,BT106003012MT00221017838,32,83,4db8e093-a366-437b-bb9b-55b017cf9f53
0,0,No Error,295,0,No Error,665,865209069519313,10,95,95,0,0,3,1738897095,1,0,25,BT106003012MT00221017838,32,83,4db8e093-a366-437b-bb9b-55b017cf9f53
0,0,No Error,295,0,No Error,665,865209069519313,10,95,95,0,0,3,1738897095,1,0,25,BT106003012MT00221017838,32,83,4db8e093-a366-437b-bb9b-55b017cf9f53
0,0,No Error,296,0,No Error,645,865209069519313,10,95,94,97,330,3,1738897125,1,192,25,BT106003012MT00221017838,36,83,4db8e093-a366-437b-bb9b-55b017cf9f53
0,0,No Error,296,0,No Error,645,865209069519313,10,95,94,97,330,3,1738897125,1,192,25,BT106003012MT00221017838,36,83,4db8e093-a366-437b-bb9b-55b017cf9f53
0,0,No Error,296,0,No Error,645,865209069519313,10,95,94,97,330,3,1738897125,1,192,25,BT106003012MT00221017838,36,83,4db8e093-a366-437b-bb9b-55b017cf9f53
0,0,No Error,296,0,No Error,645,865209069519313,10,95,94,97,330,3,1738897125,1,192,25,BT106003012MT00221017838,36,83,4db8e093-a366-437b-bb9b-55b017cf9f53
0,0,No Error,296,0,No Error,662,865209069519313,10,95,94,0,0,0,1738897155,1,0,25,BT106003012MT00221017838,38,82,4db8e093-a366-437b-bb9b-55b017cf9f53
0,0,No Error,296,0,No Error,662,865209069519313,10,95,94,0,0,0,1738897155,1,0,25,BT106003012MT00221017838,38,82,4db8e093-a366-437b-bb9b-55b017cf9f53
0,0,No Error,296,0,No Error,663,865209069519313,10,95,94,0,0,0,1738897185,1,0,25,BT106003012MT00221017838,38,81,4db8e093-a366-437b-bb9b-55b017cf9f53
0,0,No Error,296,0,No Error,663,865209069519313,10,95,94,0,0,0,1738897185,1,0,25,BT106003012MT00221017838,38,81,4db8e093-a366-437b-bb9b-55b017cf9f53
0,0,No Error,296,0,No Error,663,865209069519313,10,95,94,0,0,0,1738897185,1,0,25,BT106003012MT00221017838,38,81,4db8e093-a366-437b-bb9b-55b017cf9f53
0,0,No Error,296,0,No Error,663,865209069519313,10,95,94,0,0,0,1738897185,1,0,25,BT106003012MT00221017838,38,81,4db8e093-a366-437b-bb9b-55b017cf9f53
0,0,No Error,296,0,No Error,664,865209069519313,10,95,94,0,0,0,1738897215,1,0,25,BT106003012MT00221017838,38,81,4db8e093-a366-437b-bb9b-55b017cf9f53
0,0,No Error,296,0,No Error,664,865209069519313,10,95,94,0,0,0,1738897215,1,0,25,BT106003012MT00221017838,38,81,4db8e093-a366-437b-bb9b-55b017cf9f53
0,0,No Error,296,0,No Error,664,865209069519313,10,95,94,0,0,0,1738897215,1,0,25,BT106003012MT00221017838,38,81,4db8e093-a366-437b-bb9b-55b017cf9f53
0,0,No Error,296,0,No Error,664,865209069519313,10,95,94,0,0,0,1738897215,1,0,25,BT106003012MT00221017838,38,81,4db8e093-a366-437b-bb9b-55b017cf9f53
0,0,No Error,296,0,No Error,664,865209069519313,10,95,94,0,0,0,1738897245,1,0,25,BT106003012MT00221017838,38,81,4db8e093-a366-437b-bb9b-55b017cf9f53
0,0,No Error,296,0,No Error,664,865209069519313,10,95,94,0,0,0,1738897245,1,0,25,BT106003012MT00221017838,38,81,4db8e093-a366-437b-bb9b-55b017cf9f53
0,0,No Error,296,0,No Error,664,865209069519313,10,95,94,0,0,0,1738897245,1,0,25,BT106003012MT00221017838,38,81,4db8e093-a366-437b-bb9b-55b017cf9f53
0,0,No Error,296,0,No Error,664,865209069519313,10,95,94,0,0,0,1738897245,1,0,25,BT106003012MT00221017838,38,81,4db8e093-a366-437b-bb9b-55b017cf9f53
0,0,No Error,296,0,No Error,664,865209069519313,10,95,94,0,0,0,1738897275,1,0,25,BT106003012MT00221017838,38,81,4db8e093-a366-437b-bb9b-55b017cf9f53
0,0,No Error,296,0,No Error,664,865209069519313,10,95,94,0,0,0,1738897275,1,0,25,BT106003012MT00221017838,38,81,4db8e093-a366-437b-bb9b-55b017cf9f53
0,0,No Error,296,0,No Error,664,865209069519313,10,95,94,0,0,0,1738897275,1,0,25,BT106003012MT00221017838,38,81,4db8e093-a366-437b-bb9b-55b017cf9f53
0,0,No Error,296,0,No Error,664,865209069519313,10,95,94,0,0,0,1738897275,1,0,25,BT106003012MT00221017838,38,81,4db8e093-a366-437b-bb9b-55b017cf9f53
0,0,No Error,296,0,No Error,652,865209069519313,10,95,94,100,123,3,1738897305,1,492,25,BT106003012MT00221017838,38,83,4db8e093-a366-437b-bb9b-55b017cf9f53
0,0,No Error,296,0,No Error,652,865209069519313,10,95,94,100,123,3,1738897305,1,492,25,BT106003012MT00221017838,38,83,4db8e093-a366-437b-bb9b-55b017cf9f53
0,0,No Error,296,0,No Error,652,865209069519313,10,95,94,100,123,3,1738897305,1,492,25,BT106003012MT00221017838,38,83,4db8e093-a366-437b-bb9b-55b017cf9f53
0,0,No Error,296,0,No Error,652,865209069519313,10,95,94,100,123,3,1738897305,1,492,25,BT106003012MT00221017838,38,83,4db8e093-a366-437b-bb9b-55b017cf9f53
0,0,No Error,296,0,No Error,663,865209069519313,10,95,93,0,89,0,1738897335,1,402,25,BT106003012MT00221017838,38,83,4db8e093-a366-437b-bb9b-55b017cf9f53
0,0,No Error,296,0,No Error,663,865209069519313,10,95,93,0,89,0,1738897335,1,402,25,BT106003012MT00221017838,38,83,4db8e093-a366-437b-bb9b-55b017cf9f53
0,0,No Error,297,0,No Error,650,865209069519313,10,95,93,96,168,3,1738897365,1,480,25,BT106003012MT00221017838,39,83,4db8e093-a366-437b-bb9b-55b017cf9f53
0,0,No Error,297,0,No Error,650,865209069519313,10,95,93,96,168,3,1738897365,1,480,25,BT106003012MT00221017838,39,83,4db8e093-a366-437b-bb9b-55b017cf9f53
0,0,No Error,298,0,No Error,654,865209069519313,10,95,92,0,349,3,1738897395,1,330,25,BT106003012MT00221017838,41,83,4db8e093-a366-437b-bb9b-55b017cf9f53
0,0,No Error,298,0,No Error,654,865209069519313,10,95,92,0,349,3,1738897395,1,330,25,BT106003012MT00221017838,41,83,4db8e093-a366-437b-bb9b-55b017cf9f53
0,0,No Error,299,0,No Error,659,865209069519313,10,95,92,0,0,0,1738897425,1,0,25,BT106003012MT00221017838,42,82,4db8e093-a366-437b-bb9b-55b017cf9f53
0,0,No Error,299,0,No Error,659,865209069519313,10,95,92,0,0,0,1738897425,1,0,25,BT106003012MT00221017838,42,82,4db8e093-a366-437b-bb9b-55b017cf9f53
0,0,No Error,299,0,No Error,659,865209069519313,10,95,92,0,0,0,1738897425,1,0,25,BT106003012MT00221017838,42,82,4db8e093-a366-437b-bb9b-55b017cf9f53
0,0,No Error,299,0,No Error,659,865209069519313,10,95,92,0,0,0,1738897425,1,0,25,BT106003012MT00221017838,42,82,4db8e093-a366-437b-bb9b-55b017cf9f53
0,0,No Error,299,0,No Error,662,865209069519313,10,95,92,0,0,0,1738897455,1,0,25,BT106003012MT00221017838,42,82,4db8e093-a366-437b-bb9b-55b017cf9f53
0,0,No Error,299,0,No Error,662,865209069519313,10,95,92,0,0,0,1738897455,1,0,25,BT106003012MT00221017838,42,82,4db8e093-a366-437b-bb9b-55b017cf9f53
0,0,No Error,299,0,No Error,662,865209069519313,10,95,92,0,0,0,1738897485,1,0,25,BT106003012MT00221017838,42,82,4db8e093-a366-437b-bb9b-55b017cf9f53
0,0,No Error,299,0,No Error,662,865209069519313,10,95,92,0,0,0,1738897485,1,0,25,BT106003012MT00221017838,42,82,4db8e093-a366-437b-bb9b-55b017cf9f53
0,0,No Error,299,0,No Error,662,865209069519313,10,95,92,0,0,0,1738897485,1,0,25,BT106003012MT00221017838,42,82,4db8e093-a366-437b-bb9b-55b017cf9f53
0,0,No Error,299,0,No Error,662,865209069519313,10,95,92,0,0,0,1738897485,1,0,25,BT106003012MT00221017838,42,82,4db8e093-a366-437b-bb9b-55b017cf9f53
0,0,No Error,299,0,No Error,663,865209069519313,10,95,92,0,0,0,1738897515,1,0,25,BT106003012MT00221017838,42,82,4db8e093-a366-437b-bb9b-55b017cf9f53
0,0,No Error,299,0,No Error,663,865209069519313,10,95,92,0,0,0,1738897515,1,0,25,BT106003012MT00221017838,42,82,4db8e093-a366-437b-bb9b-55b017cf9f53
0,0,No Error,299,0,No Error,663,865209069519313,10,95,92,0,0,0,1738897515,1,0,25,BT106003012MT00221017838,42,82,4db8e093-a366-437b-bb9b-55b017cf9f53
0,0,No Error,299,0,No Error,663,865209069519313,10,95,92,0,0,0,1738897515,1,0,25,BT106003012MT00221017838,42,82,4db8e093-a366-437b-bb9b-55b017cf9f53
0,0,No Error,299,0,No Error,663,865209069519313,10,95,92,0,0,0,1738897545,1,0,25,BT106003012MT00221017838,42,81,4db8e093-a366-437b-bb9b-55b017cf9f53
0,0,No Error,299,0,No Error,663,865209069519313,10,95,92,0,0,0,1738897545,1,0,25,BT106003012MT00221017838,42,81,4db8e093-a366-437b-bb9b-55b017cf9f53
0,0,No Error,299,0,No Error,663,865209069519313,10,95,92,0,0,0,1738897545,1,0,25,BT106003012MT00221017838,42,81,4db8e093-a366-437b-bb9b-55b017cf9f53
0,0,No Error,299,0,No Error,663,865209069519313,10,95,92,0,0,0,1738897545,1,0,25,BT106003012MT00221017838,42,81,4db8e093-a366-437b-bb9b-55b017cf9f53
0,0,No Error,299,0,No Error,663,865209069519313,10,95,92,0,0,0,1738897575,1,0,25,BT106003012MT00221017838,42,81,4db8e093-a366-437b-bb9b-55b017cf9f53
0,0,No Error,299,0,No Error,663,865209069519313,10,95,92,0,0,0,1738897575,1,0,25,BT106003012MT00221017838,42,81,4db8e093-a366-437b-bb9b-55b017cf9f53
0,0,No Error,301,0,No Error,664,865209069519313,10,95,92,0,7,3,1738899365,1,372,25,BT106003012MT00221017838,35,83,4db8e093-a366-437b-bb9b-55b017cf9f53
0,0,No Error,301,0,No Error,664,865209069519313,10,95,92,0,7,3,1738899365,1,372,25,BT106003012MT00221017838,35,83,4db8e093-a366-437b-bb9b-55b017cf9f53
0,0,No Error,301,0,No Error,664,865209069519313,10,95,92,0,7,3,1738899365,1,372,25,BT106003012MT00221017838,35,83,4db8e093-a366-437b-bb9b-55b017cf9f53
0,0,No Error,301,0,No Error,664,865209069519313,10,95,92,0,7,3,1738899365,1,372,25,BT106003012MT00221017838,35,83,4db8e093-a366-437b-bb9b-55b017cf9f53
0,0,No Error,301,0,No Error,663,865209069519313,10,95,92,0,99,3,1738899395,1,414,25,BT106003012MT00221017838,36,83,4db8e093-a366-437b-bb9b-55b017cf9f53
0,0,No Error,301,0,No Error,663,865209069519313,10,95,92,0,99,3,1738899395,1,414,25,BT106003012MT00221017838,36,83,4db8e093-a366-437b-bb9b-55b017cf9f53
0,0,No Error,301,0,No Error,663,865209069519313,10,95,92,0,99,3,1738899395,1,414,25,BT106003012MT00221017838,36,83,4db8e093-a366-437b-bb9b-55b017cf9f53
0,0,No Error,301,0,No Error,663,865209069519313,10,95,92,0,99,3,1738899395,1,414,25,BT106003012MT00221017838,36,83,4db8e093-a366-437b-bb9b-55b017cf9f53
0,0,No Error,301,0,No Error,648,865209069519313,10,95,91,60,195,3,1738899425,1,468,25,BT106003012MT00221017838,36,83,4db8e093-a366-437b-bb9b-55b017cf9f53
0,0,No Error,301,0,No Error,648,865209069519313,10,95,91,60,195,3,1738899425,1,468,25,BT106003012MT00221017838,36,83,4db8e093-a366-437b-bb9b-55b017cf9f53
0,0,No Error,302,0,No Error,660,865209069519313,10,95,91,0,0,3,1738899455,1,0,25,BT106003012MT00221017838,37,82,4db8e093-a366-437b-bb9b-55b017cf9f53
0,0,No Error,302,0,No Error,660,865209069519313,10,95,91,0,0,3,1738899455,1,0,25,BT106003012MT00221017838,37,82,4db8e093-a366-437b-bb9b-55b017cf9f53
0,0,No Error,302,0,No Error,660,865209069519313,10,95,91,0,0,3,1738899455,1,0,25,BT106003012MT00221017838,37,82,4db8e093-a366-437b-bb9b-55b017cf9f53
0,0,No Error,302,0,No Error,660,865209069519313,10,95,91,0,0,3,1738899455,1,0,25,BT106003012MT00221017838,37,82,4db8e093-a366-437b-bb9b-55b017cf9f53
0,0,No Error,303,0,No Error,662,865209069519313,10,95,91,0,0,3,1738899485,1,0,25,BT106003012MT00221017838,37,82,4db8e093-a366-437b-bb9b-55b017cf9f53
0,0,No Error,303,0,No Error,662,865209069519313,10,95,91,0,0,3,1738899485,1,0,25,BT106003012MT00221017838,37,82,4db8e093-a366-437b-bb9b-55b017cf9f53
0,0,No Error,303,0,No Error,662,865209069519313,10,95,91,0,0,3,1738899485,1,0,25,BT106003012MT00221017838,37,82,4db8e093-a366-437b-bb9b-55b017cf9f53
0,0,No Error,303,0,No Error,662,865209069519313,10,95,91,0,0,3,1738899485,1,0,25,BT106003012MT00221017838,37,82,4db8e093-a366-437b-bb9b-55b017cf9f53
0,0,No Error,303,0,No Error,663,865209069519313,10,95,91,0,0,3,1738899515,1,0,25,BT106003012MT00221017838,37,82,4db8e093-a366-437b-bb9b-55b017cf9f53
0,0,No Error,303,0,No Error,663,865209069519313,10,95,91,0,0,3,1738899515,1,0,25,BT106003012MT00221017838,37,82,4db8e093-a366-437b-bb9b-55b017cf9f53
0,0,No Error,303,0,No Error,663,865209069519313,10,95,91,0,0,3,1738899515,1,0,25,BT106003012MT00221017838,37,82,4db8e093-a366-437b-bb9b-55b017cf9f53
0,0,No Error,303,0,No Error,663,865209069519313,10,95,91,0,0,3,1738899515,1,0,25,BT106003012MT00221017838,37,82,4db8e093-a366-437b-bb9b-55b017cf9f53
0,0,No Error,303,0,No Error,664,865209069519313,10,95,91,0,0,3,1738899545,1,0,25,BT106003012MT00221017838,37,82,4db8e093-a366-437b-bb9b-55b017cf9f53
0,0,No Error,303,0,No Error,664,865209069519313,10,95,91,0,0,3,1738899545,1,0,25,BT106003012MT00221017838,37,82,4db8e093-a366-437b-bb9b-55b017cf9f53
0,0,No Error,303,0,No Error,664,865209069519313,10,95,91,0,0,3,1738899545,1,0,25,BT106003012MT00221017838,37,82,4db8e093-a366-437b-bb9b-55b017cf9f53
0,0,No Error,303,0,No Error,664,865209069519313,10,95,91,0,0,3,1738899545,1,0,25,BT106003012MT00221017838,37,82,4db8e093-a366-437b-bb9b-55b017cf9f53
0,0,No Error,303,0,No Error,664,865209069519313,10,95,91,0,0,3,1738899575,1,0,25,BT106003012MT00221017838,37,82,4db8e093-a366-437b-bb9b-55b017cf9f53
0,0,No Error,303,0,No Error,664,865209069519313,10,95,91,0,0,3,1738899575,1,0,25,BT106003012MT00221017838,37,82,4db8e093-a366-437b-bb9b-55b017cf9f53
0,0,No Error,303,0,No Error,664,865209069519313,10,95,91,0,0,3,1738899575,1,0,25,BT106003012MT00221017838,37,82,4db8e093-a366-437b-bb9b-55b017cf9f53
0,0,No Error,303,0,No Error,664,865209069519313,10,95,91,0,0,3,1738899575,1,0,25,BT106003012MT00221017838,37,82,4db8e093-a366-437b-bb9b-55b017cf9f53
0,0,No Error,303,0,No Error,664,865209069519313,10,95,91,0,0,3,1738899605,1,0,25,BT106003012MT00221017838,37,81,4db8e093-a366-437b-bb9b-55b017cf9f53
0,0,No Error,303,0,No Error,664,865209069519313,10,95,91,0,0,3,1738899605,1,0,25,BT106003012MT00221017838,37,81,4db8e093-a366-437b-bb9b-55b017cf9f53
0,0,No Error,303,0,No Error,664,865209069519313,10,95,91,0,0,3,1738899605,1,0,25,BT106003012MT00221017838,37,81,4db8e093-a366-437b-bb9b-55b017cf9f53
0,0,No Error,303,0,No Error,664,865209069519313,10,95,91,0,0,3,1738899605,1,0,25,BT106003012MT00221017838,37,81,4db8e093-a366-437b-bb9b-55b017cf9f53
0,0,No Error,303,0,No Error,655,865209069519313,10,95,91,0,7,0,1738899635,1,36,25,BT106003012MT00221017838,37,83,4db8e093-a366-437b-bb9b-55b017cf9f53
0,0,No Error,303,0,No Error,655,865209069519313,10,95,91,0,7,0,1738899635,1,36,25,BT106003012MT00221017838,37,83,4db8e093-a366-437b-bb9b-55b017cf9f53
0,0,No Error,303,0,No Error,655,865209069519313,10,95,91,0,7,0,1738899635,1,36,25,BT106003012MT00221017838,37,83,4db8e093-a366-437b-bb9b-55b017cf9f53
0,0,No Error,303,0,No Error,655,865209069519313,10,95,91,0,7,0,1738899635,1,36,25,BT106003012MT00221017838,37,83,4db8e093-a366-437b-bb9b-55b017cf9f53
0,0,No Error,303,0,No Error,652,865209069519313,10,95,90,12,127,0,1738899665,1,486,25,BT106003012MT00221017838,40,83,4db8e093-a366-437b-bb9b-55b017cf9f53
0,0,No Error,303,0,No Error,652,865209069519313,10,95,90,12,127,0,1738899665,1,486,25,BT106003012MT00221017838,40,83,4db8e093-a366-437b-bb9b-55b017cf9f53
0,0,No Error,303,0,No Error,647,865209069519313,10,95,90,48,319,3,1738899695,1,396,25,BT106003012MT00221017838,40,83,4db8e093-a366-437b-bb9b-55b017cf9f53
0,0,No Error,303,0,No Error,647,865209069519313,10,95,90,48,319,3,1738899695,1,396,25,BT106003012MT00221017838,40,83,4db8e093-a366-437b-bb9b-55b017cf9f53
0,0,No Error,304,0,No Error,660,865209069519313,10,95,90,0,0,3,1738899725,1,0,25,BT106003012MT00221017838,41,82,4db8e093-a366-437b-bb9b-55b017cf9f53
0,0,No Error,304,0,No Error,660,865209069519313,10,95,90,0,0,3,1738899725,1,0,25,BT106003012MT00221017838,41,82,4db8e093-a366-437b-bb9b-55b017cf9f53
0,0,No Error,304,0,No Error,662,865209069519313,10,95,90,0,0,3,1738899755,1,0,25,BT106003012MT00221017838,41,82,4db8e093-a366-437b-bb9b-55b017cf9f53
0,0,No Error,304,0,No Error,662,865209069519313,10,95,90,0,0,3,1738899755,1,0,25,BT106003012MT00221017838,41,82,4db8e093-a366-437b-bb9b-55b017cf9f53
0,0,No Error,304,0,No Error,662,865209069519313,10,95,90,0,0,3,1738899755,1,0,25,BT106003012MT00221017838,41,82,4db8e093-a366-437b-bb9b-55b017cf9f53
0,0,No Error,304,0,No Error,662,865209069519313,10,95,90,0,0,3,1738899755,1,0,25,BT106003012MT00221017838,41,82,4db8e093-a366-437b-bb9b-55b017cf9f53
0,0,No Error,305,0,No Error,663,865209069519313,10,95,90,0,0,3,1738899785,1,0,25,BT106003012MT00221017838,41,82,4db8e093-a366-437b-bb9b-55b017cf9f53
0,0,No Error,305,0,No Error,663,865209069519313,10,95,90,0,0,3,1738899785,1,0,25,BT106003012MT00221017838,41,82,4db8e093-a366-437b-bb9b-55b017cf9f53
0,0,No Error,305,0,No Error,663,865209069519313,10,95,90,0,0,3,1738899785,1,0,25,BT106003012MT00221017838,41,82,4db8e093-a366-437b-bb9b-55b017cf9f53
0,0,No Error,305,0,No Error,663,865209069519313,10,95,90,0,0,3,1738899785,1,0,25,BT106003012MT00221017838,41,82,4db8e093-a366-437b-bb9b-55b017cf9f53
0,0,No Error,305,0,No Error,663,865209069519313,10,95,90,0,0,3,1738899815,1,0,25,BT106003012MT00221017838,41,82,4db8e093-a366-437b-bb9b-55b017cf9f53
0,0,No Error,305,0,No Error,663,865209069519313,10,95,90,0,0,3,1738899815,1,0,25,BT106003012MT00221017838,41,82,4db8e093-a366-437b-bb9b-55b017cf9f53
0,0,No Error,305,0,No Error,663,865209069519313,10,95,90,0,0,3,1738899815,1,0,25,BT106003012MT00221017838,41,82,4db8e093-a366-437b-bb9b-55b017cf9f53
0,0,No Error,305,0,No Error,663,865209069519313,10,95,90,0,0,3,1738899815,1,0,25,BT106003012MT00221017838,41,82,4db8e093-a366-437b-bb9b-55b017cf9f53
0,0,No Error,305,0,No Error,664,865209069519313,10,95,90,0,0,3,1738899845,1,0,25,BT106003012MT00221017838,41,82,4db8e093-a366-437b-bb9b-55b017cf9f53
0,0,No Error,305,0,No Error,664,865209069519313,10,95,90,0,0,3,1738899845,1,0,25,BT106003012MT00221017838,41,82,4db8e093-a366-437b-bb9b-55b017cf9f53
0,0,No Error,305,0,No Error,664,865209069519313,10,95,90,0,0,3,1738899845,1,0,25,BT106003012MT00221017838,41,82,4db8e093-a366-437b-bb9b-55b017cf9f53
0,0,No Error,305,0,No Error,664,865209069519313,10,95,90,0,0,3,1738899845,1,0,25,BT106003012MT00221017838,41,82,4db8e093-a366-437b-bb9b-55b017cf9f53
0,0,No Error,305,0,No Error,664,865209069519313,10,95,90,0,0,3,1738899875,1,0,25,BT106003012MT00221017838,41,82,4db8e093-a366-437b-bb9b-55b017cf9f53
0,0,No Error,305,0,No Error,664,865209069519313,10,95,90,0,0,3,1738899875,1,0,25,BT106003012MT00221017838,41,82,4db8e093-a366-437b-bb9b-55b017cf9f53
0,0,No Error,305,0,No Error,647,865209069519313,10,95,90,0,0,0,1738900094,1,222,25,BT106003012MT00221017838,37,83,4db8e093-a366-437b-bb9b-55b017cf9f53
0,0,No Error,305,0,No Error,647,865209069519313,10,95,90,0,0,0,1738900094,1,222,25,BT106003012MT00221017838,37,83,4db8e093-a366-437b-bb9b-55b017cf9f53
0,0,No Error,305,0,No Error,647,865209069519313,10,95,90,0,0,0,1738900094,1,222,25,BT106003012MT00221017838,37,83,4db8e093-a366-437b-bb9b-55b017cf9f53
0,0,No Error,305,0,No Error,647,865209069519313,10,95,90,0,0,0,1738900094,1,222,25,BT106003012MT00221017838,37,83,4db8e093-a366-437b-bb9b-55b017cf9f53
0,0,No Error,306,0,No Error,640,865209069519313,10,95,89,99,248,3,1738900124,1,444,25,BT106003012MT00221017838,42,83,4db8e093-a366-437b-bb9b-55b017cf9f53
0,0,No Error,306,0,No Error,640,865209069519313,10,95,89,99,248,3,1738900124,1,444,25,BT106003012MT00221017838,42,83,4db8e093-a366-437b-bb9b-55b017cf9f53
0,0,No Error,306,0,No Error,640,865209069519313,10,95,89,99,248,3,1738900124,1,444,25,BT106003012MT00221017838,42,83,4db8e093-a366-437b-bb9b-55b017cf9f53
0,0,No Error,306,0,No Error,640,865209069519313,10,95,89,99,248,3,1738900124,1,444,25,BT106003012MT00221017838,42,83,4db8e093-a366-437b-bb9b-55b017cf9f53
0,0,No Error,306,0,No Error,660,865209069519313,10,95,89,0,0,3,1738900154,1,0,25,BT106003012MT00221017838,42,82,4db8e093-a366-437b-bb9b-55b017cf9f53
0,0,No Error,306,0,No Error,660,865209069519313,10,95,89,0,0,3,1738900154,1,0,25,BT106003012MT00221017838,42,82,4db8e093-a366-437b-bb9b-55b017cf9f53
0,0,No Error,307,0,No Error,662,865209069519313,10,95,89,0,0,3,1738900184,1,0,25,BT106003012MT00221017838,42,82,4db8e093-a366-437b-bb9b-55b017cf9f53
0,0,No Error,307,0,No Error,662,865209069519313,10,95,89,0,0,3,1738900184,1,0,25,BT106003012MT00221017838,42,82,4db8e093-a366-437b-bb9b-55b017cf9f53
0,0,No Error,307,0,No Error,662,865209069519313,10,95,89,0,0,3,1738900184,1,0,25,BT106003012MT00221017838,42,82,4db8e093-a366-437b-bb9b-55b017cf9f53
0,0,No Error,307,0,No Error,662,865209069519313,10,95,89,0,0,3,1738900184,1,0,25,BT106003012MT00221017838,42,82,4db8e093-a366-437b-bb9b-55b017cf9f53
0,0,No Error,307,0,No Error,663,865209069519313,10,95,89,0,0,3,1738900214,1,0,25,BT106003012MT00221017838,42,82,4db8e093-a366-437b-bb9b-55b017cf9f53
0,0,No Error,307,0,No Error,663,865209069519313,10,95,89,0,0,3,1738900214,1,0,25,BT106003012MT00221017838,42,82,4db8e093-a366-437b-bb9b-55b017cf9f53
0,0,No Error,307,0,No Error,656,865209069519313,10,95,89,84,168,0,1738900244,1,24,25,BT106003012MT00221017838,39,83,4db8e093-a366-437b-bb9b-55b017cf9f53
0,0,No Error,307,0,No Error,656,865209069519313,10,95,89,84,168,0,1738900244,1,24,25,BT106003012MT00221017838,39,83,4db8e093-a366-437b-bb9b-55b017cf9f53
0,0,No Error,307,0,No Error,656,865209069519313,10,95,89,84,168,0,1738900244,1,24,25,BT106003012MT00221017838,39,83,4db8e093-a366-437b-bb9b-55b017cf9f53
0,0,No Error,307,0,No Error,656,865209069519313,10,95,89,84,168,0,1738900244,1,24,25,BT106003012MT00221017838,39,83,4db8e093-a366-437b-bb9b-55b017cf9f53
0,0,No Error,307,0,No Error,656,865209069519313,10,95,89,0,131,0,1738900274,1,210,25,BT106003012MT00221017838,42,83,4db8e093-a366-437b-bb9b-55b017cf9f53
0,0,No Error,307,0,No Error,656,865209069519313,10,95,89,0,131,0,1738900274,1,210,25,BT106003012MT00221017838,42,83,4db8e093-a366-437b-bb9b-55b017cf9f53
0,0,No Error,307,0,No Error,656,865209069519313,10,95,89,0,131,0,1738900274,1,210,25,BT106003012MT00221017838,42,83,4db8e093-a366-437b-bb9b-55b017cf9f53
0,0,No Error,307,0,No Error,656,865209069519313,10,95,89,0,131,0,1738900274,1,210,25,BT106003012MT00221017838,42,83,4db8e093-a366-437b-bb9b-55b017cf9f53
0,0,No Error,308,0,No Error,663,865209069519313,10,95,89,0,0,0,1738900304,1,96,25,BT106003012MT00221017838,42,82,4db8e093-a366-437b-bb9b-55b017cf9f53
0,0,No Error,308,0,No Error,663,865209069519313,10,95,89,0,0,0,1738900304,1,96,25,BT106003012MT00221017838,42,82,4db8e093-a366-437b-bb9b-55b017cf9f53
0,0,No Error,308,0,No Error,664,865209069519313,10,95,89,0,0,0,1738900334,1,96,25,BT106003012MT00221017838,42,82,4db8e093-a366-437b-bb9b-55b017cf9f53
0,0,No Error,308,0,No Error,664,865209069519313,10,95,89,0,0,0,1738900334,1,96,25,BT106003012MT00221017838,42,82,4db8e093-a366-437b-bb9b-55b017cf9f53
0,0,No Error,308,0,No Error,664,865209069519313,10,95,89,0,0,0,1738900334,1,96,25,BT106003012MT00221017838,42,82,4db8e093-a366-437b-bb9b-55b017cf9f53
0,0,No Error,308,0,No Error,664,865209069519313,10,95,89,0,0,0,1738900334,1,96,25,BT106003012MT00221017838,42,82,4db8e093-a366-437b-bb9b-55b017cf9f53
0,0,No Error,308,0,No Error,664,865209069519313,10,95,89,0,0,0,1738900364,1,96,25,BT106003012MT00221017838,42,82,4db8e093-a366-437b-bb9b-55b017cf9f53
0,0,No Error,308,0,No Error,664,865209069519313,10,95,89,0,0,0,1738900364,1,96,25,BT106003012MT00221017838,42,82,4db8e093-a366-437b-bb9b-55b017cf9f53
0,0,No Error,308,0,No Error,664,865209069519313,10,95,89,0,0,0,1738900364,1,96,25,BT106003012MT00221017838,42,82,4db8e093-a366-437b-bb9b-55b017cf9f53
0,0,No Error,308,0,No Error,664,865209069519313,10,95,89,0,0,0,1738900364,1,96,25,BT106003012MT00221017838,42,82,4db8e093-a366-437b-bb9b-55b017cf9f53
0,0,No Error,308,0,No Error,656,865209069519313,10,95,89,0,0,0,1738900394,1,78,25,BT106003012MT00221017838,41,83,4db8e093-a366-437b-bb9b-55b017cf9f53
0,0,No Error,308,0,No Error,656,865209069519313,10,95,89,0,0,0,1738900394,1,78,25,BT106003012MT00221017838,41,83,4db8e093-a366-437b-bb9b-55b017cf9f53
0,0,No Error,308,0,No Error,656,865209069519313,10,95,89,0,0,0,1738900394,1,78,25,BT106003012MT00221017838,41,83,4db8e093-a366-437b-bb9b-55b017cf9f53
0,0,No Error,308,0,No Error,656,865209069519313,10,95,89,0,0,0,1738900394,1,78,25,BT106003012MT00221017838,41,83,4db8e093-a366-437b-bb9b-55b017cf9f53
0,0,No Error,308,0,No Error,640,865209069519313,10,95,88,100,343,3,1738900424,1,258,25,BT106003012MT00221017838,45,83,4db8e093-a366-437b-bb9b-55b017cf9f53
0,0,No Error,308,0,No Error,640,865209069519313,10,95,88,100,343,3,1738900424,1,258,25,BT106003012MT00221017838,45,83,4db8e093-a366-437b-bb9b-55b017cf9f53
0,0,No Error,308,0,No Error,640,865209069519313,10,95,88,100,343,3,1738900424,1,258,25,BT106003012MT00221017838,45,83,4db8e093-a366-437b-bb9b-55b017cf9f53
0,0,No Error,308,0,No Error,640,865209069519313,10,95,88,100,343,3,1738900424,1,258,25,BT106003012MT00221017838,45,83,4db8e093-a366-437b-bb9b-55b017cf9f53
0,0,No Error,309,0,No Error,660,865209069519313,10,95,88,0,0,3,1738900454,1,0,25,BT106003012MT00221017838,47,82,4db8e093-a366-437b-bb9b-55b017cf9f53
0,0,No Error,309,0,No Error,660,865209069519313,10,95,88,0,0,3,1738900454,1,0,25,BT106003012MT00221017838,47,82,4db8e093-a366-437b-bb9b-55b017cf9f53
0,0,No Error,309,0,No Error,660,865209069519313,10,95,88,0,0,3,1738900454,1,0,25,BT106003012MT00221017838,47,82,4db8e093-a366-437b-bb9b-55b017cf9f53
0,0,No Error,309,0,No Error,660,865209069519313,10,95,88,0,0,3,1738900454,1,0,25,BT106003012MT00221017838,47,82,4db8e093-a366-437b-bb9b-55b017cf9f53
0,0,No Error,310,0,No Error,662,865209069519313,10,95,88,0,0,3,1738900484,1,0,25,BT106003012MT00221017838,47,82,4db8e093-a366-437b-bb9b-55b017cf9f53
0,0,No Error,310,0,No Error,662,865209069519313,10,95,88,0,0,3,1738900484,1,0,25,BT106003012MT00221017838,47,82,4db8e093-a366-437b-bb9b-55b017cf9f53
0,0,No Error,310,0,No Error,662,865209069519313,10,95,88,0,0,3,1738900484,1,0,25,BT106003012MT00221017838,47,82,4db8e093-a366-437b-bb9b-55b017cf9f53
0,0,No Error,310,0,No Error,662,865209069519313,10,95,88,0,0,3,1738900484,1,0,25,BT106003012MT00221017838,47,82,4db8e093-a366-437b-bb9b-55b017cf9f53
0,0,No Error,310,0,No Error,663,865209069519313,10,95,88,0,0,3,1738900514,1,0,25,BT106003012MT00221017838,47,82,4db8e093-a366-437b-bb9b-55b017cf9f53
0,0,No Error,310,0,No Error,663,865209069519313,10,95,88,0,0,3,1738900514,1,0,25,BT106003012MT00221017838,47,82,4db8e093-a366-437b-bb9b-55b017cf9f53
0,0,No Error,310,0,No Error,663,865209069519313,10,95,88,0,0,3,1738900514,1,0,25,BT106003012MT00221017838,47,82,4db8e093-a366-437b-bb9b-55b017cf9f53
0,0,No Error,310,0,No Error,663,865209069519313,10,95,88,0,0,3,1738900514,1,0,25,BT106003012MT00221017838,47,82,4db8e093-a366-437b-bb9b-55b017cf9f53
0,0,No Error,310,0,No Error,663,865209069519313,10,95,88,0,0,3,1738900544,1,0,25,BT106003012MT00221017838,47,82,4db8e093-a366-437b-bb9b-55b017cf9f53
0,0,No Error,310,0,No Error,663,865209069519313,10,95,88,0,0,3,1738900544,1,0,25,BT106003012MT00221017838,47,82,4db8e093-a366-437b-bb9b-55b017cf9f53
0,0,No Error,310,0,No Error,663,865209069519313,10,95,88,0,0,3,1738900574,1,0,25,BT106003012MT00221017838,47,82,4db8e093-a366-437b-bb9b-55b017cf9f53
0,0,No Error,310,0,No Error,663,865209069519313,10,95,88,0,0,3,1738900574,1,0,25,BT106003012MT00221017838,47,82,4db8e093-a366-437b-bb9b-55b017cf9f53
0,0,No Error,310,0,No Error,663,865209069519313,10,95,88,0,0,3,1738900574,1,0,25,BT106003012MT00221017838,47,82,4db8e093-a366-437b-bb9b-55b017cf9f53
0,0,No Error,310,0,No Error,663,865209069519313,10,95,88,0,0,3,1738900574,1,0,25,BT106003012MT00221017838,47,82,4db8e093-a366-437b-bb9b-55b017cf9f53
0,0,No Error,310,0,No Error,664,865209069519313,10,95,88,0,0,2,1738900604,1,0,25,BT106003012MT00221017838,41,83,4db8e093-a366-437b-bb9b-55b017cf9f53
0,0,No Error,310,0,No Error,664,865209069519313,10,95,88,0,0,2,1738900604,1,0,25,BT106003012MT00221017838,41,83,4db8e093-a366-437b-bb9b-55b017cf9f53
0,0,No Error,310,0,No Error,664,865209069519313,10,95,88,0,0,2,1738900604,1,0,25,BT106003012MT00221017838,41,83,4db8e093-a366-437b-bb9b-55b017cf9f53
0,0,No Error,310,0,No Error,664,865209069519313,10,95,88,0,0,2,1738900604,1,0,25,BT106003012MT00221017838,41,83,4db8e093-a366-437b-bb9b-55b017cf9f53
0,0,No Error,310,0,No Error,654,865209069519313,10,95,88,32,192,3,1738900634,1,456,25,BT106003012MT00221017838,43,83,4db8e093-a366-437b-bb9b-55b017cf9f53
0,0,No Error,310,0,No Error,654,865209069519313,10,95,88,32,192,3,1738900634,1,456,25,BT106003012MT00221017838,43,83,4db8e093-a366-437b-bb9b-55b017cf9f53
0,0,No Error,310,0,No Error,650,865209069519313,10,95,87,0,236,3,1738900664,1,402,25,BT106003012MT00221017838,44,83,4db8e093-a366-437b-bb9b-55b017cf9f53
0,0,No Error,310,0,No Error,650,865209069519313,10,95,87,0,236,3,1738900664,1,402,25,BT106003012MT00221017838,44,83,4db8e093-a366-437b-bb9b-55b017cf9f53
0,0,No Error,310,0,No Error,650,865209069519313,10,95,87,0,236,3,1738900664,1,402,25,BT106003012MT00221017838,44,83,4db8e093-a366-437b-bb9b-55b017cf9f53
0,0,No Error,310,0,No Error,650,865209069519313,10,95,87,0,236,3,1738900664,1,402,25,BT106003012MT00221017838,44,83,4db8e093-a366-437b-bb9b-55b017cf9f53
0,0,No Error,311,0,No Error,657,865209069519313,10,95,87,0,29,0,1738900694,1,354,25,BT106003012MT00221017838,45,83,4db8e093-a366-437b-bb9b-55b017cf9f53
0,0,No Error,311,0,No Error,657,865209069519313,10,95,87,0,29,0,1738900694,1,354,25,BT106003012MT00221017838,45,83,4db8e093-a366-437b-bb9b-55b017cf9f53
0,0,No Error,311,0,No Error,661,865209069519313,10,95,87,0,0,3,1738900724,1,0,25,BT106003012MT00221017838,45,82,4db8e093-a366-437b-bb9b-55b017cf9f53
0,0,No Error,311,0,No Error,661,865209069519313,10,95,87,0,0,3,1738900724,1,0,25,BT106003012MT00221017838,45,82,4db8e093-a366-437b-bb9b-55b017cf9f53
0,0,No Error,312,0,No Error,662,865209069519313,10,95,87,0,0,3,1738900755,1,0,25,BT106003012MT00221017838,45,82,4db8e093-a366-437b-bb9b-55b017cf9f53
0,0,No Error,312,0,No Error,662,865209069519313,10,95,87,0,0,3,1738900755,1,0,25,BT106003012MT00221017838,45,82,4db8e093-a366-437b-bb9b-55b017cf9f53
0,0,No Error,312,0,No Error,663,865209069519313,10,95,87,0,0,3,1738900785,1,0,25,BT106003012MT00221017838,45,82,4db8e093-a366-437b-bb9b-55b017cf9f53
0,0,No Error,312,0,No Error,663,865209069519313,10,95,87,0,0,3,1738900785,1,0,25,BT106003012MT00221017838,45,82,4db8e093-a366-437b-bb9b-55b017cf9f53
0,0,No Error,312,0,No Error,663,865209069519313,10,95,87,0,0,3,1738900785,1,0,25,BT106003012MT00221017838,45,82,4db8e093-a366-437b-bb9b-55b017cf9f53
0,0,No Error,312,0,No Error,663,865209069519313,10,95,87,0,0,3,1738900785,1,0,25,BT106003012MT00221017838,45,82,4db8e093-a366-437b-bb9b-55b017cf9f53
0,0,No Error,312,0,No Error,663,865209069519313,10,95,87,0,0,3,1738900815,1,0,25,BT106003012MT00221017838,45,82,4db8e093-a366-437b-bb9b-55b017cf9f53
0,0,No Error,312,0,No Error,663,865209069519313,10,95,87,0,0,3,1738900815,1,0,25,BT106003012MT00221017838,45,82,4db8e093-a366-437b-bb9b-55b017cf9f53
0,0,No Error,312,0,No Error,664,865209069519313,10,95,87,0,0,3,1738900845,1,0,25,BT106003012MT00221017838,45,82,4db8e093-a366-437b-bb9b-55b017cf9f53
0,0,No Error,312,0,No Error,664,865209069519313,10,95,87,0,0,3,1738900845,1,0,25,BT106003012MT00221017838,45,82,4db8e093-a366-437b-bb9b-55b017cf9f53
0,0,No Error,312,0,No Error,651,865209069519313,10,95,86,55,114,3,1738900875,1,486,25,BT106003012MT00221017838,45,83,4db8e093-a366-437b-bb9b-55b017cf9f53
0,0,No Error,312,0,No Error,651,865209069519313,10,95,86,55,114,3,1738900875,1,486,25,BT106003012MT00221017838,45,83,4db8e093-a366-437b-bb9b-55b017cf9f53
0,0,No Error,312,0,No Error,651,865209069519313,10,95,86,55,114,3,1738900875,1,486,25,BT106003012MT00221017838,45,83,4db8e093-a366-437b-bb9b-55b017cf9f53
0,0,No Error,312,0,No Error,651,865209069519313,10,95,86,55,114,3,1738900875,1,486,25,BT106003012MT00221017838,45,83,4db8e093-a366-437b-bb9b-55b017cf9f53
0,0,No Error,313,0,No Error,649,865209069519313,10,95,86,64,148,3,1738900905,1,474,25,BT106003012MT00221017838,46,83,4db8e093-a366-437b-bb9b-55b017cf9f53
0,0,No Error,313,0,No Error,649,865209069519313,10,95,86,64,148,3,1738900905,1,474,25,BT106003012MT00221017838,46,83,4db8e093-a366-437b-bb9b-55b017cf9f53
0,0,No Error,313,0,No Error,649,865209069519313,10,95,86,64,148,3,1738900905,1,474,25,BT106003012MT00221017838,46,83,4db8e093-a366-437b-bb9b-55b017cf9f53
0,0,No Error,313,0,No Error,649,865209069519313,10,95,86,64,148,3,1738900905,1,474,25,BT106003012MT00221017838,46,83,4db8e093-a366-437b-bb9b-55b017cf9f53
0,0,No Error,313,0,No Error,638,865209069519313,10,95,85,68,323,3,1738900935,1,426,25,BT106003012MT00221017838,47,83,4db8e093-a366-437b-bb9b-55b017cf9f53
0,0,No Error,313,0,No Error,638,865209069519313,10,95,85,68,323,3,1738900935,1,426,25,BT106003012MT00221017838,47,83,4db8e093-a366-437b-bb9b-55b017cf9f53
0,0,No Error,313,0,No Error,638,865209069519313,10,95,85,68,323,3,1738900935,1,426,25,BT106003012MT00221017838,47,83,4db8e093-a366-437b-bb9b-55b017cf9f53
0,0,No Error,313,0,No Error,638,865209069519313,10,95,85,68,323,3,1738900935,1,426,25,BT106003012MT00221017838,47,83,4db8e093-a366-437b-bb9b-55b017cf9f53
0,0,No Error,315,0,No Error,658,865209069519313,10,95,85,0,0,3,1738900965,1,0,25,BT106003012MT00221017838,48,82,4db8e093-a366-437b-bb9b-55b017cf9f53
0,0,No Error,315,0,No Error,658,865209069519313,10,95,85,0,0,3,1738900965,1,0,25,BT106003012MT00221017838,48,82,4db8e093-a366-437b-bb9b-55b017cf9f53
0,0,No Error,315,0,No Error,658,865209069519313,10,95,85,0,0,3,1738900965,1,0,25,BT106003012MT00221017838,48,82,4db8e093-a366-437b-bb9b-55b017cf9f53
0,0,No Error,315,0,No Error,658,865209069519313,10,95,85,0,0,3,1738900965,1,0,25,BT106003012MT00221017838,48,82,4db8e093-a366-437b-bb9b-55b017cf9f53
0,0,No Error,315,0,No Error,661,865209069519313,10,95,85,0,0,3,1738900995,1,0,25,BT106003012MT00221017838,48,82,4db8e093-a366-437b-bb9b-55b017cf9f53
0,0,No Error,315,0,No Error,661,865209069519313,10,95,85,0,0,3,1738900995,1,0,25,BT106003012MT00221017838,48,82,4db8e093-a366-437b-bb9b-55b017cf9f53
0,0,No Error,316,0,No Error,662,865209069519313,10,95,85,0,0,3,1738901025,1,0,25,BT106003012MT00221017838,48,82,4db8e093-a366-437b-bb9b-55b017cf9f53
0,0,No Error,316,0,No Error,662,865209069519313,10,95,85,0,0,3,1738901025,1,0,25,BT106003012MT00221017838,48,82,4db8e093-a366-437b-bb9b-55b017cf9f53
0,0,No Error,316,0,No Error,662,865209069519313,10,95,85,0,0,3,1738901025,1,0,25,BT106003012MT00221017838,48,82,4db8e093-a366-437b-bb9b-55b017cf9f53
0,0,No Error,316,0,No Error,662,865209069519313,10,95,85,0,0,3,1738901025,1,0,25,BT106003012MT00221017838,48,82,4db8e093-a366-437b-bb9b-55b017cf9f53
0,0,No Error,316,0,No Error,662,865209069519313,10,95,85,0,0,3,1738901055,1,0,25,BT106003012MT00221017838,48,82,4db8e093-a366-437b-bb9b-55b017cf9f53
0,0,No Error,316,0,No Error,662,865209069519313,10,95,85,0,0,3,1738901055,1,0,25,BT106003012MT00221017838,48,82,4db8e093-a366-437b-bb9b-55b017cf9f53
0,0,No Error,316,0,No Error,662,865209069519313,10,95,85,0,0,3,1738901055,1,0,25,BT106003012MT00221017838,48,82,4db8e093-a366-437b-bb9b-55b017cf9f53
0,0,No Error,316,0,No Error,662,865209069519313,10,95,85,0,0,3,1738901055,1,0,25,BT106003012MT00221017838,48,82,4db8e093-a366-437b-bb9b-55b017cf9f53
0,0,No Error,316,0,No Error,663,865209069519313,10,95,85,0,0,3,1738901085,1,0,25,BT106003012MT00221017838,48,82,4db8e093-a366-437b-bb9b-55b017cf9f53
0,0,No Error,316,0,No Error,663,865209069519313,10,95,85,0,0,3,1738901085,1,0,25,BT106003012MT00221017838,48,82,4db8e093-a366-437b-bb9b-55b017cf9f53
0,0,No Error,316,0,No Error,663,865209069519313,10,95,85,0,0,3,1738901085,1,0,25,BT106003012MT00221017838,48,82,4db8e093-a366-437b-bb9b-55b017cf9f53
0,0,No Error,316,0,No Error,663,865209069519313,10,95,85,0,0,3,1738901085,1,0,25,BT106003012MT00221017838,48,82,4db8e093-a366-437b-bb9b-55b017cf9f53
0,0,No Error,316,0,No Error,663,865209069519313,10,95,85,0,0,3,1738901115,1,0,25,BT106003012MT00221017838,48,82,4db8e093-a366-437b-bb9b-55b017cf9f53
0,0,No Error,316,0,No Error,663,865209069519313,10,95,85,0,0,3,1738901115,1,0,25,BT106003012MT00221017838,48,82,4db8e093-a366-437b-bb9b-55b017cf9f53
0,0,No Error,318,0,No Error,656,865209069519313,10,95,85,30,74,3,1738903169,1,510,25,BT106003012MT00221017838,38,83,4db8e093-a366-437b-bb9b-55b017cf9f53
0,0,No Error,318,0,No Error,656,865209069519313,10,95,85,30,74,3,1738903169,1,510,25,BT106003012MT00221017838,38,83,4db8e093-a366-437b-bb9b-55b017cf9f53
0,0,No Error,319,0,No Error,663,865209069519313,10,95,84,0,47,0,1738903200,1,264,25,BT106003012MT00221017838,40,83,4db8e093-a366-437b-bb9b-55b017cf9f53
0,0,No Error,319,0,No Error,663,865209069519313,10,95,84,0,47,0,1738903200,1,264,25,BT106003012MT00221017838,40,83,4db8e093-a366-437b-bb9b-55b017cf9f53
0,0,No Error,319,0,No Error,663,865209069519313,10,95,84,0,47,0,1738903200,1,264,25,BT106003012MT00221017838,40,83,4db8e093-a366-437b-bb9b-55b017cf9f53
0,0,No Error,319,0,No Error,663,865209069519313,10,95,84,0,47,0,1738903200,1,264,25,BT106003012MT00221017838,40,83,4db8e093-a366-437b-bb9b-55b017cf9f53
0,0,No Error,319,0,No Error,664,865209069519313,10,95,84,0,0,3,1738903230,1,18,25,BT106003012MT00221017838,40,82,4db8e093-a366-437b-bb9b-55b017cf9f53
0,0,No Error,319,0,No Error,664,865209069519313,10,95,84,0,0,3,1738903230,1,18,25,BT106003012MT00221017838,40,82,4db8e093-a366-437b-bb9b-55b017cf9f53
0,0,No Error,319,0,No Error,664,865209069519313,10,95,84,0,0,3,1738903260,1,18,25,BT106003012MT00221017838,40,82,4db8e093-a366-437b-bb9b-55b017cf9f53
0,0,No Error,319,0,No Error,664,865209069519313,10,95,84,0,0,3,1738903260,1,18,25,BT106003012MT00221017838,40,82,4db8e093-a366-437b-bb9b-55b017cf9f53
0,0,No Error,319,0,No Error,664,865209069519313,10,95,84,0,0,3,1738903260,1,18,25,BT106003012MT00221017838,40,82,4db8e093-a366-437b-bb9b-55b017cf9f53
0,0,No Error,319,0,No Error,664,865209069519313,10,95,84,0,0,3,1738903260,1,18,25,BT106003012MT00221017838,40,82,4db8e093-a366-437b-bb9b-55b017cf9f53
0,0,No Error,319,0,No Error,665,865209069519313,10,95,84,0,0,3,1738903290,1,18,25,BT106003012MT00221017838,40,82,4db8e093-a366-437b-bb9b-55b017cf9f53
0,0,No Error,319,0,No Error,665,865209069519313,10,95,84,0,0,3,1738903290,1,18,25,BT106003012MT00221017838,40,82,4db8e093-a366-437b-bb9b-55b017cf9f53
0,0,No Error,319,0,No Error,665,865209069519313,10,95,84,0,0,3,1738903320,1,18,25,BT106003012MT00221017838,40,82,4db8e093-a366-437b-bb9b-55b017cf9f53
0,0,No Error,319,0,No Error,665,865209069519313,10,95,84,0,0,3,1738903320,1,18,25,BT106003012MT00221017838,40,82,4db8e093-a366-437b-bb9b-55b017cf9f53
0,0,No Error,319,0,No Error,665,865209069519313,10,95,84,0,0,3,1738903320,1,18,25,BT106003012MT00221017838,40,82,4db8e093-a366-437b-bb9b-55b017cf9f53
0,0,No Error,319,0,No Error,665,865209069519313,10,95,84,0,0,3,1738903320,1,18,25,BT106003012MT00221017838,40,82,4db8e093-a366-437b-bb9b-55b017cf9f53
0,0,No Error,319,0,No Error,661,865209069519313,10,95,84,60,81,2,1738903350,1,216,25,BT106003012MT00221017838,40,83,4db8e093-a366-437b-bb9b-55b017cf9f53
0,0,No Error,319,0,No Error,661,865209069519313,10,95,84,60,81,2,1738903350,1,216,25,BT106003012MT00221017838,40,83,4db8e093-a366-437b-bb9b-55b017cf9f53
0,0,No Error,319,0,No Error,661,865209069519313,10,95,84,60,81,2,1738903350,1,216,25,BT106003012MT00221017838,40,83,4db8e093-a366-437b-bb9b-55b017cf9f53
0,0,No Error,319,0,No Error,661,865209069519313,10,95,84,60,81,2,1738903350,1,216,25,BT106003012MT00221017838,40,83,4db8e093-a366-437b-bb9b-55b017cf9f53
0,0,No Error,320,0,No Error,639,865209069519313,10,95,84,100,312,3,1738903380,1,438,25,BT106003012MT00221017838,44,83,4db8e093-a366-437b-bb9b-55b017cf9f53
0,0,No Error,320,0,No Error,639,865209069519313,10,95,84,100,312,3,1738903380,1,438,25,BT106003012MT00221017838,44,83,4db8e093-a366-437b-bb9b-55b017cf9f53
0,0,No Error,320,0,No Error,639,865209069519313,10,95,84,100,312,3,1738903380,1,438,25,BT106003012MT00221017838,44,83,4db8e093-a366-437b-bb9b-55b017cf9f53
0,0,No Error,320,0,No Error,639,865209069519313,10,95,84,100,312,3,1738903380,1,438,25,BT106003012MT00221017838,44,83,4db8e093-a366-437b-bb9b-55b017cf9f53
0,0,No Error,321,0,No Error,659,865209069519313,10,95,83,0,0,3,1738903410,1,24,25,BT106003012MT00221017838,44,82,4db8e093-a366-437b-bb9b-55b017cf9f53
0,0,No Error,321,0,No Error,659,865209069519313,10,95,83,0,0,3,1738903410,1,24,25,BT106003012MT00221017838,44,82,4db8e093-a366-437b-bb9b-55b017cf9f53
0,0,No Error,321,0,No Error,659,865209069519313,10,95,83,0,0,3,1738903410,1,24,25,BT106003012MT00221017838,44,82,4db8e093-a366-437b-bb9b-55b017cf9f53
0,0,No Error,321,0,No Error,659,865209069519313,10,95,83,0,0,3,1738903410,1,24,25,BT106003012MT00221017838,44,82,4db8e093-a366-437b-bb9b-55b017cf9f53
0,0,No Error,321,0,No Error,661,865209069519313,10,95,83,0,0,3,1738903440,1,24,25,BT106003012MT00221017838,44,82,4db8e093-a366-437b-bb9b-55b017cf9f53
0,0,No Error,321,0,No Error,661,865209069519313,10,95,83,0,0,3,1738903440,1,24,25,BT106003012MT00221017838,44,82,4db8e093-a366-437b-bb9b-55b017cf9f53
0,0,No Error,322,0,No Error,662,865209069519313,10,95,83,0,0,3,1738903470,1,24,25,BT106003012MT00221017838,44,82,4db8e093-a366-437b-bb9b-55b017cf9f53
0,0,No Error,322,0,No Error,662,865209069519313,10,95,83,0,0,3,1738903470,1,24,25,BT106003012MT00221017838,44,82,4db8e093-a366-437b-bb9b-55b017cf9f53
0,0,No Error,322,0,No Error,663,865209069519313,10,95,83,0,0,3,1738903500,1,24,25,BT106003012MT00221017838,44,82,4db8e093-a366-437b-bb9b-55b017cf9f53
0,0,No Error,322,0,No Error,663,865209069519313,10,95,83,0,0,3,1738903500,1,24,25,BT106003012MT00221017838,44,82,4db8e093-a366-437b-bb9b-55b017cf9f53
0,0,No Error,322,0,No Error,663,865209069519313,10,95,83,0,0,3,1738903530,1,24,25,BT106003012MT00221017838,44,82,4db8e093-a366-437b-bb9b-55b017cf9f53
0,0,No Error,322,0,No Error,663,865209069519313,10,95,83,0,0,3,1738903530,1,24,25,BT106003012MT00221017838,44,82,4db8e093-a366-437b-bb9b-55b017cf9f53
0,0,No Error,322,0,No Error,663,865209069519313,10,95,83,0,0,3,1738903530,1,24,25,BT106003012MT00221017838,44,82,4db8e093-a366-437b-bb9b-55b017cf9f53
0,0,No Error,322,0,No Error,663,865209069519313,10,95,83,0,0,3,1738903530,1,24,25,BT106003012MT00221017838,44,82,4db8e093-a366-437b-bb9b-55b017cf9f53
0,0,No Error,322,0,No Error,664,865209069519313,10,95,83,0,0,3,1738903560,1,24,25,BT106003012MT00221017838,44,82,4db8e093-a366-437b-bb9b-55b017cf9f53
0,0,No Error,322,0,No Error,664,865209069519313,10,95,83,0,0,3,1738903560,1,24,25,BT106003012MT00221017838,44,82,4db8e093-a366-437b-bb9b-55b017cf9f53
0,0,No Error,322,0,No Error,664,865209069519313,10,95,83,0,0,3,1738903560,1,24,25,BT106003012MT00221017838,44,82,4db8e093-a366-437b-bb9b-55b017cf9f53
0,0,No Error,322,0,No Error,664,865209069519313,10,95,83,0,0,3,1738903560,1,24,25,BT106003012MT00221017838,44,82,4db8e093-a366-437b-bb9b-55b017cf9f53
0,0,No Error,338,0,No Error,646,865209069519313,10,95,83,100,315,3,1738907670,1,306,25,BT106003012MT00221017838,40,83,4db8e093-a366-437b-bb9b-55b017cf9f53
0,0,No Error,338,0,No Error,646,865209069519313,10,95,83,100,315,3,1738907670,1,306,25,BT106003012MT00221017838,40,83,4db8e093-a366-437b-bb9b-55b017cf9f53
0,0,No Error,339,0,No Error,661,865209069519313,10,95,83,0,0,3,1738907700,1,0,25,BT106003012MT00221017838,42,82,4db8e093-a366-437b-bb9b-55b017cf9f53
0,0,No Error,339,0,No Error,661,865209069519313,10,95,83,0,0,3,1738907700,1,0,25,BT106003012MT00221017838,42,82,4db8e093-a366-437b-bb9b-55b017cf9f53
0,0,No Error,339,0,No Error,663,865209069519313,10,95,83,0,0,3,1738907730,1,0,25,BT106003012MT00221017838,42,81,4db8e093-a366-437b-bb9b-55b017cf9f53
0,0,No Error,339,0,No Error,663,865209069519313,10,95,83,0,0,3,1738907730,1,0,25,BT106003012MT00221017838,42,81,4db8e093-a366-437b-bb9b-55b017cf9f53
0,0,No Error,339,0,No Error,664,865209069519313,10,95,83,0,0,3,1738907760,1,0,25,BT106003012MT00221017838,42,81,4db8e093-a366-437b-bb9b-55b017cf9f53
0,0,No Error,339,0,No Error,664,865209069519313,10,95,83,0,0,3,1738907760,1,0,25,BT106003012MT00221017838,42,81,4db8e093-a366-437b-bb9b-55b017cf9f53
0,0,No Error,339,0,No Error,664,865209069519313,10,95,83,0,0,3,1738907760,1,0,25,BT106003012MT00221017838,42,81,4db8e093-a366-437b-bb9b-55b017cf9f53
0,0,No Error,339,0,No Error,664,865209069519313,10,95,83,0,0,3,1738907760,1,0,25,BT106003012MT00221017838,42,81,4db8e093-a366-437b-bb9b-55b017cf9f53
0,0,No Error,339,0,No Error,664,865209069519313,10,95,83,0,0,3,1738907790,1,0,25,BT106003012MT00221017838,42,81,4db8e093-a366-437b-bb9b-55b017cf9f53
0,0,No Error,339,0,No Error,664,865209069519313,10,95,83,0,0,3,1738907790,1,0,25,BT106003012MT00221017838,42,81,4db8e093-a366-437b-bb9b-55b017cf9f53
0,0,No Error,339,0,No Error,664,865209069519313,10,95,83,0,0,3,1738907790,1,0,25,BT106003012MT00221017838,42,81,4db8e093-a366-437b-bb9b-55b017cf9f53
0,0,No Error,339,0,No Error,664,865209069519313,10,95,83,0,0,3,1738907790,1,0,25,BT106003012MT00221017838,42,81,4db8e093-a366-437b-bb9b-55b017cf9f53
0,0,No Error,339,0,No Error,664,865209069519313,10,95,83,0,0,3,1738907820,1,0,25,BT106003012MT00221017838,42,81,4db8e093-a366-437b-bb9b-55b017cf9f53
0,0,No Error,339,0,No Error,664,865209069519313,10,95,83,0,0,3,1738907820,1,0,25,BT106003012MT00221017838,42,81,4db8e093-a366-437b-bb9b-55b017cf9f53
0,0,No Error,339,0,No Error,665,865209069519313,10,95,83,0,0,3,1738907850,1,0,25,BT106003012MT00221017838,42,81,4db8e093-a366-437b-bb9b-55b017cf9f53
0,0,No Error,339,0,No Error,665,865209069519313,10,95,83,0,0,3,1738907850,1,0,25,BT106003012MT00221017838,42,81,4db8e093-a366-437b-bb9b-55b017cf9f53
0,0,No Error,339,0,No Error,665,865209069519313,10,95,83,0,0,3,1738907850,1,0,25,BT106003012MT00221017838,42,81,4db8e093-a366-437b-bb9b-55b017cf9f53
0,0,No Error,339,0,No Error,665,865209069519313,10,95,83,0,0,3,1738907850,1,0,25,BT106003012MT00221017838,42,81,4db8e093-a366-437b-bb9b-55b017cf9f53
0,0,No Error,340,0,No Error,663,865209069519313,10,95,83,0,0,0,1738907939,1,42,25,BT106003012MT00221017838,40,83,4db8e093-a366-437b-bb9b-55b017cf9f53
0,0,No Error,340,0,No Error,663,865209069519313,10,95,83,0,0,0,1738907939,1,42,25,BT106003012MT00221017838,40,83,4db8e093-a366-437b-bb9b-55b017cf9f53
0,0,No Error,340,0,No Error,645,865209069519313,10,95,82,100,328,3,1738907969,1,204,25,BT106003012MT00221017838,45,84,4db8e093-a366-437b-bb9b-55b017cf9f53
0,0,No Error,340,0,No Error,645,865209069519313,10,95,82,100,328,3,1738907969,1,204,25,BT106003012MT00221017838,45,84,4db8e093-a366-437b-bb9b-55b017cf9f53
0,0,No Error,340,0,No Error,645,865209069519313,10,95,82,100,328,3,1738907969,1,204,25,BT106003012MT00221017838,45,84,4db8e093-a366-437b-bb9b-55b017cf9f53
0,0,No Error,340,0,No Error,645,865209069519313,10,95,82,100,328,3,1738907969,1,204,25,BT106003012MT00221017838,45,84,4db8e093-a366-437b-bb9b-55b017cf9f53
0,0,No Error,340,0,No Error,658,865209069519313,10,95,82,0,3,3,1738907999,1,18,25,BT106003012MT00221017838,47,83,4db8e093-a366-437b-bb9b-55b017cf9f53
0,0,No Error,340,0,No Error,658,865209069519313,10,95,82,0,3,3,1738907999,1,18,25,BT106003012MT00221017838,47,83,4db8e093-a366-437b-bb9b-55b017cf9f53
0,0,No Error,341,0,No Error,661,865209069519313,10,95,82,0,2,3,1738908029,1,0,25,BT106003012MT00221017838,45,83,4db8e093-a366-437b-bb9b-55b017cf9f53
0,0,No Error,341,0,No Error,661,865209069519313,10,95,82,0,2,3,1738908029,1,0,25,BT106003012MT00221017838,45,83,4db8e093-a366-437b-bb9b-55b017cf9f53
0,0,No Error,341,0,No Error,662,865209069519313,10,95,82,0,0,3,1738908059,1,0,25,BT106003012MT00221017838,44,83,4db8e093-a366-437b-bb9b-55b017cf9f53
0,0,No Error,341,0,No Error,662,865209069519313,10,95,82,0,0,3,1738908059,1,0,25,BT106003012MT00221017838,44,83,4db8e093-a366-437b-bb9b-55b017cf9f53
0,0,No Error,342,0,No Error,662,865209069519313,10,95,82,0,0,3,1738908089,1,0,25,BT106003012MT00221017838,46,83,4db8e093-a366-437b-bb9b-55b017cf9f53
0,0,No Error,342,0,No Error,662,865209069519313,10,95,82,0,0,3,1738908089,1,0,25,BT106003012MT00221017838,46,83,4db8e093-a366-437b-bb9b-55b017cf9f53
0,0,No Error,342,0,No Error,662,865209069519313,10,95,82,0,0,3,1738908089,1,0,25,BT106003012MT00221017838,46,83,4db8e093-a366-437b-bb9b-55b017cf9f53
0,0,No Error,342,0,No Error,662,865209069519313,10,95,82,0,0,3,1738908089,1,0,25,BT106003012MT00221017838,46,83,4db8e093-a366-437b-bb9b-55b017cf9f53
0,0,No Error,342,0,No Error,663,865209069519313,10,95,82,0,0,3,1738908119,1,0,25,BT106003012MT00221017838,45,83,4db8e093-a366-437b-bb9b-55b017cf9f53
0,0,No Error,342,0,No Error,663,865209069519313,10,95,82,0,0,3,1738908119,1,0,25,BT106003012MT00221017838,45,83,4db8e093-a366-437b-bb9b-55b017cf9f53
0,0,No Error,342,0,No Error,663,865209069519313,10,95,82,0,0,3,1738908119,1,0,25,BT106003012MT00221017838,45,83,4db8e093-a366-437b-bb9b-55b017cf9f53
0,0,No Error,342,0,No Error,663,865209069519313,10,95,82,0,0,3,1738908119,1,0,25,BT106003012MT00221017838,45,83,4db8e093-a366-437b-bb9b-55b017cf9f53
0,0,No Error,342,0,No Error,657,865209069519313,10,95,81,0,60,0,1738908149,1,366,25,BT106003012MT00221017838,49,83,4db8e093-a366-437b-bb9b-55b017cf9f53
0,0,No Error,342,0,No Error,657,865209069519313,10,95,81,0,60,0,1738908149,1,366,25,BT106003012MT00221017838,49,83,4db8e093-a366-437b-bb9b-55b017cf9f53
0,0,No Error,343,0,No Error,653,865209069519313,10,95,81,41,107,0,1738908179,1,102,25,BT106003012MT00221017838,51,83,4db8e093-a366-437b-bb9b-55b017cf9f53
0,0,No Error,343,0,No Error,653,865209069519313,10,95,81,41,107,0,1738908179,1,102,25,BT106003012MT00221017838,51,83,4db8e093-a366-437b-bb9b-55b017cf9f53
0,0,No Error,343,0,No Error,658,865209069519313,10,95,81,0,0,0,1738908209,1,90,25,BT106003012MT00221017838,52,83,4db8e093-a366-437b-bb9b-55b017cf9f53
0,0,No Error,343,0,No Error,658,865209069519313,10,95,81,0,0,0,1738908209,1,90,25,BT106003012MT00221017838,52,83,4db8e093-a366-437b-bb9b-55b017cf9f53
0,0,No Error,343,0,No Error,658,865209069519313,10,95,81,0,0,0,1738908209,1,90,25,BT106003012MT00221017838,52,83,4db8e093-a366-437b-bb9b-55b017cf9f53
0,0,No Error,343,0,No Error,658,865209069519313,10,95,81,0,0,0,1738908209,1,90,25,BT106003012MT00221017838,52,83,4db8e093-a366-437b-bb9b-55b017cf9f53
0,0,No Error,344,0,No Error,661,865209069519313,10,95,81,0,0,3,1738908239,1,0,25,BT106003012MT00221017838,52,82,4db8e093-a366-437b-bb9b-55b017cf9f53
0,0,No Error,344,0,No Error,661,865209069519313,10,95,81,0,0,3,1738908239,1,0,25,BT106003012MT00221017838,52,82,4db8e093-a366-437b-bb9b-55b017cf9f53
0,0,No Error,344,0,No Error,661,865209069519313,10,95,81,0,0,3,1738908239,1,0,25,BT106003012MT00221017838,52,82,4db8e093-a366-437b-bb9b-55b017cf9f53
0,0,No Error,344,0,No Error,661,865209069519313,10,95,81,0,0,3,1738908239,1,0,25,BT106003012MT00221017838,52,82,4db8e093-a366-437b-bb9b-55b017cf9f53
0,0,No Error,344,0,No Error,662,865209069519313,10,95,81,0,0,3,1738908269,1,0,25,BT106003012MT00221017838,52,82,4db8e093-a366-437b-bb9b-55b017cf9f53
0,0,No Error,344,0,No Error,662,865209069519313,10,95,81,0,0,3,1738908269,1,0,25,BT106003012MT00221017838,52,82,4db8e093-a366-437b-bb9b-55b017cf9f53
0,0,No Error,344,0,No Error,662,865209069519313,10,95,81,0,0,3,1738908269,1,0,25,BT106003012MT00221017838,52,82,4db8e093-a366-437b-bb9b-55b017cf9f53
0,0,No Error,344,0,No Error,662,865209069519313,10,95,81,0,0,3,1738908269,1,0,25,BT106003012MT00221017838,52,82,4db8e093-a366-437b-bb9b-55b017cf9f53
0,0,No Error,344,0,No Error,662,865209069519313,10,95,81,0,0,3,1738908299,1,0,25,BT106003012MT00221017838,52,82,4db8e093-a366-437b-bb9b-55b017cf9f53
0,0,No Error,344,0,No Error,662,865209069519313,10,95,81,0,0,3,1738908299,1,0,25,BT106003012MT00221017838,52,82,4db8e093-a366-437b-bb9b-55b017cf9f53
0,0,No Error,344,0,No Error,663,865209069519313,10,95,81,0,0,3,1738908329,1,0,25,BT106003012MT00221017838,52,82,4db8e093-a366-437b-bb9b-55b017cf9f53
0,0,No Error,344,0,No Error,663,865209069519313,10,95,81,0,0,3,1738908329,1,0,25,BT106003012MT00221017838,52,82,4db8e093-a366-437b-bb9b-55b017cf9f53
0,0,No Error,344,0,No Error,663,865209069519313,10,95,81,0,0,3,1738908359,1,0,25,BT106003012MT00221017838,52,82,4db8e093-a366-437b-bb9b-55b017cf9f53
0,0,No Error,344,0,No Error,663,865209069519313,10,95,81,0,0,3,1738908359,1,0,25,BT106003012MT00221017838,52,82,4db8e093-a366-437b-bb9b-55b017cf9f53
0,0,No Error,344,0,No Error,663,865209069519313,10,95,81,0,0,3,1738908389,1,0,25,BT106003012MT00221017838,52,82,4db8e093-a366-437b-bb9b-55b017cf9f53
0,0,No Error,344,0,No Error,663,865209069519313,10,95,81,0,0,3,1738908389,1,0,25,BT106003012MT00221017838,52,82,4db8e093-a366-437b-bb9b-55b017cf9f53
0,0,No Error,344,0,No Error,662,865209069519313,10,95,81,0,6,3,1738908468,1,90,25,BT106003012MT00221017838,47,83,4db8e093-a366-437b-bb9b-55b017cf9f53
0,0,No Error,344,0,No Error,662,865209069519313,10,95,81,0,6,3,1738908468,1,90,25,BT106003012MT00221017838,47,83,4db8e093-a366-437b-bb9b-55b017cf9f53
0,0,No Error,344,0,No Error,662,865209069519313,10,95,81,0,6,3,1738908468,1,90,25,BT106003012MT00221017838,47,83,4db8e093-a366-437b-bb9b-55b017cf9f53
0,0,No Error,344,0,No Error,662,865209069519313,10,95,81,0,6,3,1738908468,1,90,25,BT106003012MT00221017838,47,83,4db8e093-a366-437b-bb9b-55b017cf9f53
0,0,No Error,345,0,No Error,644,865209069519313,10,95,80,60,302,3,1738908498,1,456,25,BT106003012MT00221017838,50,83,4db8e093-a366-437b-bb9b-55b017cf9f53
0,0,No Error,345,0,No Error,644,865209069519313,10,95,80,60,302,3,1738908498,1,456,25,BT106003012MT00221017838,50,83,4db8e093-a366-437b-bb9b-55b017cf9f53
0,0,No Error,345,0,No Error,644,865209069519313,10,95,80,60,302,3,1738908498,1,456,25,BT106003012MT00221017838,50,83,4db8e093-a366-437b-bb9b-55b017cf9f53
0,0,No Error,345,0,No Error,644,865209069519313,10,95,80,60,302,3,1738908498,1,456,25,BT106003012MT00221017838,50,83,4db8e093-a366-437b-bb9b-55b017cf9f53
0,0,No Error,345,0,No Error,642,865209069519313,10,95,79,76,333,0,1738908528,1,390,25,BT106003012MT00221017838,51,83,4db8e093-a366-437b-bb9b-55b017cf9f53
0,0,No Error,345,0,No Error,642,865209069519313,10,95,79,76,333,0,1738908528,1,390,25,BT106003012MT00221017838,51,83,4db8e093-a366-437b-bb9b-55b017cf9f53
0,0,No Error,345,0,No Error,642,865209069519313,10,95,79,76,333,0,1738908528,1,390,25,BT106003012MT00221017838,51,83,4db8e093-a366-437b-bb9b-55b017cf9f53
0,0,No Error,345,0,No Error,642,865209069519313,10,95,79,76,333,0,1738908528,1,390,25,BT106003012MT00221017838,51,83,4db8e093-a366-437b-bb9b-55b017cf9f53
0,0,No Error,346,0,No Error,658,865209069519313,10,95,79,0,0,0,1738908558,1,0,25,BT106003012MT00221017838,53,82,4db8e093-a366-437b-bb9b-55b017cf9f53
0,0,No Error,346,0,No Error,658,865209069519313,10,95,79,0,0,0,1738908558,1,0,25,BT106003012MT00221017838,53,82,4db8e093-a366-437b-bb9b-55b017cf9f53
0,0,No Error,346,0,No Error,658,865209069519313,10,95,79,0,0,0,1738908558,1,0,25,BT106003012MT00221017838,53,82,4db8e093-a366-437b-bb9b-55b017cf9f53
0,0,No Error,346,0,No Error,658,865209069519313,10,95,79,0,0,0,1738908558,1,0,25,BT106003012MT00221017838,53,82,4db8e093-a366-437b-bb9b-55b017cf9f53
0,0,No Error,346,0,No Error,660,865209069519313,10,95,79,0,0,0,1738908588,1,0,25,BT106003012MT00221017838,53,82,4db8e093-a366-437b-bb9b-55b017cf9f53
0,0,No Error,346,0,No Error,660,865209069519313,10,95,79,0,0,0,1738908588,1,0,25,BT106003012MT00221017838,53,82,4db8e093-a366-437b-bb9b-55b017cf9f53
0,0,No Error,346,0,No Error,660,865209069519313,10,95,79,0,0,0,1738908588,1,0,25,BT106003012MT00221017838,53,82,4db8e093-a366-437b-bb9b-55b017cf9f53
0,0,No Error,346,0,No Error,660,865209069519313,10,95,79,0,0,0,1738908588,1,0,25,BT106003012MT00221017838,53,82,4db8e093-a366-437b-bb9b-55b017cf9f53
0,0,No Error,347,0,No Error,661,865209069519313,10,95,79,0,0,0,1738908618,1,0,25,BT106003012MT00221017838,53,82,4db8e093-a366-437b-bb9b-55b017cf9f53
0,0,No Error,347,0,No Error,661,865209069519313,10,95,79,0,0,0,1738908618,1,0,25,BT106003012MT00221017838,53,82,4db8e093-a366-437b-bb9b-55b017cf9f53
0,0,No Error,347,0,No Error,661,865209069519313,10,95,79,0,0,0,1738908618,1,0,25,BT106003012MT00221017838,53,82,4db8e093-a366-437b-bb9b-55b017cf9f53
0,0,No Error,347,0,No Error,661,865209069519313,10,95,79,0,0,0,1738908618,1,0,25,BT106003012MT00221017838,53,82,4db8e093-a366-437b-bb9b-55b017cf9f53
0,0,No Error,347,0,No Error,662,865209069519313,10,95,79,0,0,0,1738908648,1,0,25,BT106003012MT00221017838,53,82,4db8e093-a366-437b-bb9b-55b017cf9f53
0,0,No Error,347,0,No Error,662,865209069519313,10,95,79,0,0,0,1738908648,1,0,25,BT106003012MT00221017838,53,82,4db8e093-a366-437b-bb9b-55b017cf9f53
0,0,No Error,347,0,No Error,662,865209069519313,10,95,79,0,0,0,1738908678,1,0,25,BT106003012MT00221017838,53,82,4db8e093-a366-437b-bb9b-55b017cf9f53
0,0,No Error,347,0,No Error,662,865209069519313,10,95,79,0,0,0,1738908678,1,0,25,BT106003012MT00221017838,53,82,4db8e093-a366-437b-bb9b-55b017cf9f53
0,0,No Error,347,0,No Error,662,865209069519313,10,95,79,0,0,0,1738908678,1,0,25,BT106003012MT00221017838,53,82,4db8e093-a366-437b-bb9b-55b017cf9f53
0,0,No Error,347,0,No Error,662,865209069519313,10,95,79,0,0,0,1738908678,1,0,25,BT106003012MT00221017838,53,82,4db8e093-a366-437b-bb9b-55b017cf9f53
0,0,No Error,347,0,No Error,663,865209069519313,10,95,79,0,0,0,1738908708,1,0,25,BT106003012MT00221017838,53,82,4db8e093-a366-437b-bb9b-55b017cf9f53
0,0,No Error,347,0,No Error,663,865209069519313,10,95,79,0,0,0,1738908708,1,0,25,BT106003012MT00221017838,53,82,4db8e093-a366-437b-bb9b-55b017cf9f53
0,0,No Error,347,0,No Error,663,865209069519313,10,95,79,0,0,0,1738908708,1,0,25,BT106003012MT00221017838,53,82,4db8e093-a366-437b-bb9b-55b017cf9f53
0,0,No Error,347,0,No Error,663,865209069519313,10,95,79,0,0,0,1738908708,1,0,25,BT106003012MT00221017838,53,82,4db8e093-a366-437b-bb9b-55b017cf9f53
0,0,No Error,347,0,No Error,663,865209069519313,10,95,79,0,0,2,1738908814,1,0,25,BT106003012MT00221017838,46,83,4db8e093-a366-437b-bb9b-55b017cf9f53
0,0,No Error,347,0,No Error,663,865209069519313,10,95,79,0,0,2,1738908814,1,0,25,BT106003012MT00221017838,46,83,4db8e093-a366-437b-bb9b-55b017cf9f53
0,0,No Error,347,0,No Error,663,865209069519313,10,95,79,0,0,2,1738908814,1,0,25,BT106003012MT00221017838,46,83,4db8e093-a366-437b-bb9b-55b017cf9f53
0,0,No Error,347,0,No Error,663,865209069519313,10,95,79,0,0,2,1738908814,1,0,25,BT106003012MT00221017838,46,83,4db8e093-a366-437b-bb9b-55b017cf9f53
0,0,No Error,347,0,No Error,661,865209069519313,10,95,79,9,29,0,1738908844,1,210,25,BT106003012MT00221017838,50,83,4db8e093-a366-437b-bb9b-55b017cf9f53
0,0,No Error,347,0,No Error,661,865209069519313,10,95,79,9,29,0,1738908844,1,210,25,BT106003012MT00221017838,50,83,4db8e093-a366-437b-bb9b-55b017cf9f53
0,0,No Error,347,0,No Error,661,865209069519313,10,95,79,9,29,0,1738908844,1,210,25,BT106003012MT00221017838,50,83,4db8e093-a366-437b-bb9b-55b017cf9f53
0,0,No Error,347,0,No Error,661,865209069519313,10,95,79,9,29,0,1738908844,1,210,25,BT106003012MT00221017838,50,83,4db8e093-a366-437b-bb9b-55b017cf9f53
0,0,No Error,347,0,No Error,652,865209069519313,10,95,79,0,0,0,1738908874,1,216,25,BT106003012MT00221017838,51,84,4db8e093-a366-437b-bb9b-55b017cf9f53
0,0,No Error,347,0,No Error,652,865209069519313,10,95,79,0,0,0,1738908874,1,216,25,BT106003012MT00221017838,51,84,4db8e093-a366-437b-bb9b-55b017cf9f53
0,0,No Error,348,0,No Error,661,865209069519313,10,95,79,0,1,3,1738908904,1,0,25,BT106003012MT00221017838,52,83,4db8e093-a366-437b-bb9b-55b017cf9f53
0,0,No Error,348,0,No Error,661,865209069519313,10,95,79,0,1,3,1738908904,1,0,25,BT106003012MT00221017838,52,83,4db8e093-a366-437b-bb9b-55b017cf9f53
0,0,No Error,348,0,No Error,662,865209069519313,10,95,79,0,1,3,1738908934,1,0,25,BT106003012MT00221017838,51,83,4db8e093-a366-437b-bb9b-55b017cf9f53
0,0,No Error,348,0,No Error,662,865209069519313,10,95,79,0,1,3,1738908934,1,0,25,BT106003012MT00221017838,51,83,4db8e093-a366-437b-bb9b-55b017cf9f53
0,0,No Error,348,0,No Error,663,865209069519313,10,95,79,0,0,0,1738908964,1,0,25,BT106003012MT00221017838,50,83,4db8e093-a366-437b-bb9b-55b017cf9f53
0,0,No Error,348,0,No Error,663,865209069519313,10,95,79,0,0,0,1738908964,1,0,25,BT106003012MT00221017838,50,83,4db8e093-a366-437b-bb9b-55b017cf9f53
0,0,No Error,348,0,No Error,663,865209069519313,10,95,79,0,0,0,1738908964,1,0,25,BT106003012MT00221017838,50,83,4db8e093-a366-437b-bb9b-55b017cf9f53
0,0,No Error,348,0,No Error,663,865209069519313,10,95,79,0,0,0,1738908964,1,0,25,BT106003012MT00221017838,50,83,4db8e093-a366-437b-bb9b-55b017cf9f53
0,0,No Error,348,0,No Error,663,865209069519313,10,95,79,0,0,3,1738908994,1,0,25,BT106003012MT00221017838,49,83,4db8e093-a366-437b-bb9b-55b017cf9f53
0,0,No Error,348,0,No Error,663,865209069519313,10,95,79,0,0,3,1738908994,1,0,25,BT106003012MT00221017838,49,83,4db8e093-a366-437b-bb9b-55b017cf9f53
0,0,No Error,348,0,No Error,663,865209069519313,10,95,79,0,0,3,1738908994,1,0,25,BT106003012MT00221017838,49,83,4db8e093-a366-437b-bb9b-55b017cf9f53
0,0,No Error,348,0,No Error,663,865209069519313,10,95,79,0,0,3,1738908994,1,0,25,BT106003012MT00221017838,49,83,4db8e093-a366-437b-bb9b-55b017cf9f53
0,0,No Error,348,0,No Error,663,865209069519313,10,95,79,0,0,3,1738909024,1,0,25,BT106003012MT00221017838,49,83,4db8e093-a366-437b-bb9b-55b017cf9f53
0,0,No Error,348,0,No Error,663,865209069519313,10,95,79,0,0,3,1738909024,1,0,25,BT106003012MT00221017838,49,83,4db8e093-a366-437b-bb9b-55b017cf9f53
0,0,No Error,348,0,No Error,663,865209069519313,10,95,79,0,0,3,1738909054,1,0,25,BT106003012MT00221017838,49,83,4db8e093-a366-437b-bb9b-55b017cf9f53
0,0,No Error,348,0,No Error,663,865209069519313,10,95,79,0,0,3,1738909054,1,0,25,BT106003012MT00221017838,49,83,4db8e093-a366-437b-bb9b-55b017cf9f53
0,0,No Error,348,0,No Error,663,865209069519313,10,95,79,0,0,3,1738909054,1,0,25,BT106003012MT00221017838,49,83,4db8e093-a366-437b-bb9b-55b017cf9f53
0,0,No Error,348,0,No Error,663,865209069519313,10,95,79,0,0,3,1738909054,1,0,25,BT106003012MT00221017838,49,83,4db8e093-a366-437b-bb9b-55b017cf9f53
0,0,No Error,348,0,No Error,663,865209069519313,10,95,79,0,0,3,1738909084,1,0,25,BT106003012MT00221017838,48,83,4db8e093-a366-437b-bb9b-55b017cf9f53
0,0,No Error,348,0,No Error,663,865209069519313,10,95,79,0,0,3,1738909084,1,0,25,BT106003012MT00221017838,48,83,4db8e093-a366-437b-bb9b-55b017cf9f53
0,0,No Error,348,0,No Error,664,865209069519313,10,95,79,0,0,3,1738909114,1,0,25,BT106003012MT00221017838,48,83,4db8e093-a366-437b-bb9b-55b017cf9f53
0,0,No Error,348,0,No Error,664,865209069519313,10,95,79,0,0,3,1738909114,1,0,25,BT106003012MT00221017838,48,83,4db8e093-a366-437b-bb9b-55b017cf9f53
0,0,No Error,348,0,No Error,664,865209069519313,10,95,79,0,0,3,1738909144,1,0,25,BT106003012MT00221017838,48,83,4db8e093-a366-437b-bb9b-55b017cf9f53
0,0,No Error,348,0,No Error,664,865209069519313,10,95,79,0,0,3,1738909144,1,0,25,BT106003012MT00221017838,48,83,4db8e093-a366-437b-bb9b-55b017cf9f53
0,0,No Error,348,0,No Error,664,865209069519313,10,95,79,0,0,3,1738909144,1,0,25,BT106003012MT00221017838,48,83,4db8e093-a366-437b-bb9b-55b017cf9f53
0,0,No Error,348,0,No Error,664,865209069519313,10,95,79,0,0,3,1738909144,1,0,25,BT106003012MT00221017838,48,83,4db8e093-a366-437b-bb9b-55b017cf9f53
0,0,No Error,348,0,No Error,664,865209069519313,10,95,79,0,0,3,1738909174,1,0,25,BT106003012MT00221017838,48,83,4db8e093-a366-437b-bb9b-55b017cf9f53
0,0,No Error,348,0,No Error,664,865209069519313,10,95,79,0,0,3,1738909174,1,0,25,BT106003012MT00221017838,48,83,4db8e093-a366-437b-bb9b-55b017cf9f53
0,0,No Error,348,0,No Error,664,865209069519313,10,95,79,0,0,3,1738909174,1,0,25,BT106003012MT00221017838,48,83,4db8e093-a366-437b-bb9b-55b017cf9f53
0,0,No Error,348,0,No Error,664,865209069519313,10,95,79,0,0,3,1738909174,1,0,25,BT106003012MT00221017838,48,83,4db8e093-a366-437b-bb9b-55b017cf9f53
0,0,No Error,348,0,No Error,664,865209069519313,10,95,79,0,0,3,1738909204,1,0,25,BT106003012MT00221017838,47,83,4db8e093-a366-437b-bb9b-55b017cf9f53
0,0,No Error,348,0,No Error,664,865209069519313,10,95,79,0,0,3,1738909204,1,0,25,BT106003012MT00221017838,47,83,4db8e093-a366-437b-bb9b-55b017cf9f53
0,0,No Error,348,0,No Error,664,865209069519313,10,95,79,0,0,3,1738909204,1,0,25,BT106003012MT00221017838,47,83,4db8e093-a366-437b-bb9b-55b017cf9f53
0,0,No Error,348,0,No Error,664,865209069519313,10,95,79,0,0,3,1738909204,1,0,25,BT106003012MT00221017838,47,83,4db8e093-a366-437b-bb9b-55b017cf9f53
0,0,No Error,348,0,No Error,664,865209069519313,10,95,79,0,0,3,1738909234,1,0,25,BT106003012MT00221017838,47,83,4db8e093-a366-437b-bb9b-55b017cf9f53
0,0,No Error,348,0,No Error,664,865209069519313,10,95,79,0,0,3,1738909234,1,0,25,BT106003012MT00221017838,47,83,4db8e093-a366-437b-bb9b-55b017cf9f53
0,0,No Error,348,0,No Error,664,865209069519313,10,95,79,0,0,3,1738909234,1,0,25,BT106003012MT00221017838,47,83,4db8e093-a366-437b-bb9b-55b017cf9f53
0,0,No Error,348,0,No Error,664,865209069519313,10,95,79,0,0,3,1738909234,1,0,25,BT106003012MT00221017838,47,83,4db8e093-a366-437b-bb9b-55b017cf9f53
0,0,No Error,348,0,No Error,664,865209069519313,10,95,79,0,0,3,1738909264,1,0,25,BT106003012MT00221017838,47,83,4db8e093-a366-437b-bb9b-55b017cf9f53
0,0,No Error,348,0,No Error,664,865209069519313,10,95,79,0,0,3,1738909264,1,0,25,BT106003012MT00221017838,47,83,4db8e093-a366-437b-bb9b-55b017cf9f53
0,0,No Error,348,0,No Error,664,865209069519313,10,95,79,0,0,3,1738909264,1,0,25,BT106003012MT00221017838,47,83,4db8e093-a366-437b-bb9b-55b017cf9f53
0,0,No Error,348,0,No Error,664,865209069519313,10,95,79,0,0,3,1738909264,1,0,25,BT106003012MT00221017838,47,83,4db8e093-a366-437b-bb9b-55b017cf9f53
0,0,No Error,348,0,No Error,664,865209069519313,10,95,79,0,0,3,1738909294,1,0,25,BT106003012MT00221017838,47,83,4db8e093-a366-437b-bb9b-55b017cf9f53
0,0,No Error,348,0,No Error,664,865209069519313,10,95,79,0,0,3,1738909294,1,0,25,BT106003012MT00221017838,47,83,4db8e093-a366-437b-bb9b-55b017cf9f53
0,0,No Error,348,0,No Error,664,865209069519313,10,95,79,0,0,3,1738909294,1,0,25,BT106003012MT00221017838,47,83,4db8e093-a366-437b-bb9b-55b017cf9f53
0,0,No Error,348,0,No Error,664,865209069519313,10,95,79,0,0,3,1738909294,1,0,25,BT106003012MT00221017838,47,83,4db8e093-a366-437b-bb9b-55b017cf9f53
0,0,No Error,348,0,No Error,664,865209069519313,10,95,79,0,0,3,1738909324,1,0,25,BT106003012MT00221017838,46,83,4db8e093-a366-437b-bb9b-55b017cf9f53
0,0,No Error,348,0,No Error,664,865209069519313,10,95,79,0,0,3,1738909324,1,0,25,BT106003012MT00221017838,46,83,4db8e093-a366-437b-bb9b-55b017cf9f53
0,0,No Error,348,0,No Error,664,865209069519313,10,95,79,0,0,3,1738909324,1,0,25,BT106003012MT00221017838,46,83,4db8e093-a366-437b-bb9b-55b017cf9f53
0,0,No Error,348,0,No Error,664,865209069519313,10,95,79,0,0,3,1738909324,1,0,25,BT106003012MT00221017838,46,83,4db8e093-a366-437b-bb9b-55b017cf9f53
0,0,No Error,348,0,No Error,664,865209069519313,10,95,79,0,0,3,1738909354,1,0,25,BT106003012MT00221017838,46,83,4db8e093-a366-437b-bb9b-55b017cf9f53
0,0,No Error,348,0,No Error,664,865209069519313,10,95,79,0,0,3,1738909354,1,0,25,BT106003012MT00221017838,46,83,4db8e093-a366-437b-bb9b-55b017cf9f53
0,0,No Error,348,0,No Error,664,865209069519313,10,95,79,0,0,3,1738909384,1,0,25,BT106003012MT00221017838,46,83,4db8e093-a366-437b-bb9b-55b017cf9f53
0,0,No Error,348,0,No Error,664,865209069519313,10,95,79,0,0,3,1738909384,1,0,25,BT106003012MT00221017838,46,83,4db8e093-a366-437b-bb9b-55b017cf9f53
0,0,No Error,348,0,No Error,664,865209069519313,10,95,79,0,0,3,1738909414,1,0,25,BT106003012MT00221017838,46,83,4db8e093-a366-437b-bb9b-55b017cf9f53
0,0,No Error,348,0,No Error,664,865209069519313,10,95,79,0,0,3,1738909414,1,0,25,BT106003012MT00221017838,46,83,4db8e093-a366-437b-bb9b-55b017cf9f53
0,0,No Error,348,0,No Error,664,865209069519313,10,95,79,0,0,3,1738909444,1,0,25,BT106003012MT00221017838,46,83,4db8e093-a366-437b-bb9b-55b017cf9f53
0,0,No Error,348,0,No Error,664,865209069519313,10,95,79,0,0,3,1738909444,1,0,25,BT106003012MT00221017838,46,83,4db8e093-a366-437b-bb9b-55b017cf9f53
0,0,No Error,348,0,No Error,664,865209069519313,10,95,79,0,0,3,1738909444,1,0,25,BT106003012MT00221017838,46,83,4db8e093-a366-437b-bb9b-55b017cf9f53
0,0,No Error,348,0,No Error,664,865209069519313,10,95,79,0,0,3,1738909444,1,0,25,BT106003012MT00221017838,46,83,4db8e093-a366-437b-bb9b-55b017cf9f53
0,0,No Error,348,0,No Error,664,865209069519313,10,95,79,0,0,0,1738909475,1,0,25,BT106003012MT00221017838,45,83,4db8e093-a366-437b-bb9b-55b017cf9f53
0,0,No Error,348,0,No Error,664,865209069519313,10,95,79,0,0,0,1738909475,1,0,25,BT106003012MT00221017838,45,83,4db8e093-a366-437b-bb9b-55b017cf9f53
0,0,No Error,348,0,No Error,664,865209069519313,10,95,79,0,0,0,1738909475,1,0,25,BT106003012MT00221017838,45,83,4db8e093-a366-437b-bb9b-55b017cf9f53
0,0,No Error,348,0,No Error,664,865209069519313,10,95,79,0,0,0,1738909475,1,0,25,BT106003012MT00221017838,45,83,4db8e093-a366-437b-bb9b-55b017cf9f53
0,0,No Error,348,0,No Error,664,865209069519313,10,95,79,0,0,3,1738909505,1,0,25,BT106003012MT00221017838,45,83,4db8e093-a366-437b-bb9b-55b017cf9f53
0,0,No Error,348,0,No Error,664,865209069519313,10,95,79,0,0,3,1738909505,1,0,25,BT106003012MT00221017838,45,83,4db8e093-a366-437b-bb9b-55b017cf9f53
0,0,No Error,348,0,No Error,664,865209069519313,10,95,79,0,0,3,1738909505,1,0,25,BT106003012MT00221017838,45,83,4db8e093-a366-437b-bb9b-55b017cf9f53
0,0,No Error,348,0,No Error,664,865209069519313,10,95,79,0,0,3,1738909505,1,0,25,BT106003012MT00221017838,45,83,4db8e093-a366-437b-bb9b-55b017cf9f53
0,0,No Error,348,0,No Error,664,865209069519313,10,95,79,0,0,3,1738909535,1,0,25,BT106003012MT00221017838,45,83,4db8e093-a366-437b-bb9b-55b017cf9f53
0,0,No Error,348,0,No Error,664,865209069519313,10,95,79,0,0,3,1738909535,1,0,25,BT106003012MT00221017838,45,83,4db8e093-a366-437b-bb9b-55b017cf9f53
0,0,No Error,348,0,No Error,664,865209069519313,10,95,79,0,0,3,1738909535,1,0,25,BT106003012MT00221017838,45,83,4db8e093-a366-437b-bb9b-55b017cf9f53
0,0,No Error,348,0,No Error,664,865209069519313,10,95,79,0,0,3,1738909535,1,0,25,BT106003012MT00221017838,45,83,4db8e093-a366-437b-bb9b-55b017cf9f53
0,0,No Error,348,0,No Error,664,865209069519313,10,95,79,0,0,3,1738909565,1,0,25,BT106003012MT00221017838,45,83,4db8e093-a366-437b-bb9b-55b017cf9f53
0,0,No Error,348,0,No Error,664,865209069519313,10,95,79,0,0,3,1738909565,1,0,25,BT106003012MT00221017838,45,83,4db8e093-a366-437b-bb9b-55b017cf9f53
0,0,No Error,348,0,No Error,664,865209069519313,10,95,79,0,0,0,1738909595,1,0,25,BT106003012MT00221017838,45,83,4db8e093-a366-437b-bb9b-55b017cf9f53
0,0,No Error,348,0,No Error,664,865209069519313,10,95,79,0,0,0,1738909595,1,0,25,BT106003012MT00221017838,45,83,4db8e093-a366-437b-bb9b-55b017cf9f53
0,0,No Error,348,0,No Error,664,865209069519313,10,95,79,0,0,0,1738909595,1,0,25,BT106003012MT00221017838,45,83,4db8e093-a366-437b-bb9b-55b017cf9f53
0,0,No Error,348,0,No Error,664,865209069519313,10,95,79,0,0,0,1738909595,1,0,25,BT106003012MT00221017838,45,83,4db8e093-a366-437b-bb9b-55b017cf9f53
0,0,No Error,348,0,,664,865209069519313,10,95,79,0,0,3,1738909625,1,0,25,BT106003012MT00221017838,45,83,4db8e093-a366-437b-bb9b-55b017cf9f53
0,0,No Error,348,0,,664,865209069519313,10,95,79,0,0,3,1738909625,1,0,25,BT106003012MT00221017838,45,83,4db8e093-a366-437b-bb9b-55b017cf9f53
0,0,No Error,348,0,,664,865209069519313,10,95,79,0,0,3,1738909625,1,0,25,BT106003012MT00221017838,45,83,4db8e093-a366-437b-bb9b-55b017cf9f53
0,0,No Error,348,0,,664,865209069519313,10,95,79,0,0,3,1738909625,1,0,25,BT106003012MT00221017838,45,83,4db8e093-a366-437b-bb9b-55b017cf9f53
0,0,No Error,348,0,No Error,664,865209069519313,10,95,79,0,0,3,1738909655,1,0,25,BT106003012MT00221017838,45,83,4db8e093-a366-437b-bb9b-55b017cf9f53
0,0,No Error,348,0,No Error,664,865209069519313,10,95,79,0,0,3,1738909655,1,0,25,BT106003012MT00221017838,45,83,4db8e093-a366-437b-bb9b-55b017cf9f53
0,0,No Error,348,0,No Error,664,865209069519313,10,95,79,0,0,3,1738909655,1,0,25,BT106003012MT00221017838,45,83,4db8e093-a366-437b-bb9b-55b017cf9f53
0,0,No Error,348,0,No Error,664,865209069519313,10,95,79,0,0,3,1738909655,1,0,25,BT106003012MT00221017838,45,83,4db8e093-a366-437b-bb9b-55b017cf9f53
0,0,No Error,348,0,No Error,664,865209069519313,10,95,79,0,0,3,1738909685,1,0,25,BT106003012MT00221017838,45,83,4db8e093-a366-437b-bb9b-55b017cf9f53
0,0,No Error,348,0,No Error,664,865209069519313,10,95,79,0,0,3,1738909685,1,0,25,BT106003012MT00221017838,45,83,4db8e093-a366-437b-bb9b-55b017cf9f53
0,0,No Error,348,0,No Error,664,865209069519313,10,95,79,0,0,3,1738909715,1,0,25,BT106003012MT00221017838,44,83,4db8e093-a366-437b-bb9b-55b017cf9f53
0,0,No Error,348,0,No Error,664,865209069519313,10,95,79,0,0,3,1738909715,1,0,25,BT106003012MT00221017838,44,83,4db8e093-a366-437b-bb9b-55b017cf9f53
0,0,No Error,348,0,No Error,664,865209069519313,10,95,79,0,0,3,1738909715,1,0,25,BT106003012MT00221017838,44,83,4db8e093-a366-437b-bb9b-55b017cf9f53
0,0,No Error,348,0,No Error,664,865209069519313,10,95,79,0,0,3,1738909715,1,0,25,BT106003012MT00221017838,44,83,4db8e093-a366-437b-bb9b-55b017cf9f53
0,0,No Error,348,0,No Error,664,865209069519313,10,95,79,0,0,3,1738909745,1,0,25,BT106003012MT00221017838,44,83,4db8e093-a366-437b-bb9b-55b017cf9f53
0,0,No Error,348,0,No Error,664,865209069519313,10,95,79,0,0,3,1738909745,1,0,25,BT106003012MT00221017838,44,83,4db8e093-a366-437b-bb9b-55b017cf9f53
0,0,No Error,348,0,No Error,664,865209069519313,10,95,79,0,0,3,1738909745,1,0,25,BT106003012MT00221017838,44,83,4db8e093-a366-437b-bb9b-55b017cf9f53
0,0,No Error,348,0,No Error,664,865209069519313,10,95,79,0,0,3,1738909745,1,0,25,BT106003012MT00221017838,44,83,4db8e093-a366-437b-bb9b-55b017cf9f53
0,0,No Error,348,0,No Error,661,865209069519313,10,95,78,0,9,3,1738909775,1,90,25,BT106003012MT00221017838,47,83,4db8e093-a366-437b-bb9b-55b017cf9f53
0,0,No Error,348,0,No Error,661,865209069519313,10,95,78,0,9,3,1738909775,1,90,25,BT106003012MT00221017838,47,83,4db8e093-a366-437b-bb9b-55b017cf9f53
0,0,No Error,348,0,No Error,661,865209069519313,10,95,78,0,9,3,1738909775,1,90,25,BT106003012MT00221017838,47,83,4db8e093-a366-437b-bb9b-55b017cf9f53
0,0,No Error,348,0,No Error,661,865209069519313,10,95,78,0,9,3,1738909775,1,90,25,BT106003012MT00221017838,47,83,4db8e093-a366-437b-bb9b-55b017cf9f53
0,0,No Error,348,0,No Error,647,865209069519313,10,95,78,53,272,3,1738909805,1,222,25,BT106003012MT00221017838,50,83,4db8e093-a366-437b-bb9b-55b017cf9f53
0,0,No Error,348,0,No Error,647,865209069519313,10,95,78,53,272,3,1738909805,1,222,25,BT106003012MT00221017838,50,83,4db8e093-a366-437b-bb9b-55b017cf9f53
0,0,No Error,348,0,No Error,647,865209069519313,10,95,78,53,272,3,1738909805,1,222,25,BT106003012MT00221017838,50,83,4db8e093-a366-437b-bb9b-55b017cf9f53
0,0,No Error,348,0,No Error,647,865209069519313,10,95,78,53,272,3,1738909805,1,222,25,BT106003012MT00221017838,50,83,4db8e093-a366-437b-bb9b-55b017cf9f53
0,0,No Error,349,0,No Error,650,865209069519313,10,95,78,43,173,0,1738909835,1,198,25,BT106003012MT00221017838,52,83,4db8e093-a366-437b-bb9b-55b017cf9f53
0,0,No Error,349,0,No Error,650,865209069519313,10,95,78,43,173,0,1738909835,1,198,25,BT106003012MT00221017838,52,83,4db8e093-a366-437b-bb9b-55b017cf9f53
0,0,No Error,349,0,No Error,656,865209069519313,10,95,77,0,0,0,1738909865,1,96,25,BT106003012MT00221017838,54,83,4db8e093-a366-437b-bb9b-55b017cf9f53
0,0,No Error,349,0,No Error,656,865209069519313,10,95,77,0,0,0,1738909865,1,96,25,BT106003012MT00221017838,54,83,4db8e093-a366-437b-bb9b-55b017cf9f53
0,0,No Error,349,0,No Error,656,865209069519313,10,95,77,0,0,0,1738909865,1,96,25,BT106003012MT00221017838,54,83,4db8e093-a366-437b-bb9b-55b017cf9f53
0,0,No Error,349,0,No Error,656,865209069519313,10,95,77,0,0,0,1738909865,1,96,25,BT106003012MT00221017838,54,83,4db8e093-a366-437b-bb9b-55b017cf9f53
0,0,No Error,350,0,No Error,660,865209069519313,10,95,77,0,0,3,1738909895,1,0,25,BT106003012MT00221017838,52,83,4db8e093-a366-437b-bb9b-55b017cf9f53
0,0,No Error,350,0,No Error,660,865209069519313,10,95,77,0,0,3,1738909895,1,0,25,BT106003012MT00221017838,52,83,4db8e093-a366-437b-bb9b-55b017cf9f53
0,0,No Error,350,0,No Error,660,865209069519313,10,95,77,0,0,3,1738909895,1,0,25,BT106003012MT00221017838,52,83,4db8e093-a366-437b-bb9b-55b017cf9f53
0,0,No Error,350,0,No Error,660,865209069519313,10,95,77,0,0,3,1738909895,1,0,25,BT106003012MT00221017838,52,83,4db8e093-a366-437b-bb9b-55b017cf9f53
0,0,No Error,350,0,No Error,661,865209069519313,10,95,77,0,0,3,1738909925,1,0,25,BT106003012MT00221017838,51,83,4db8e093-a366-437b-bb9b-55b017cf9f53
0,0,No Error,350,0,No Error,661,865209069519313,10,95,77,0,0,3,1738909925,1,0,25,BT106003012MT00221017838,51,83,4db8e093-a366-437b-bb9b-55b017cf9f53
0,0,No Error,350,0,No Error,662,865209069519313,10,95,77,0,0,3,1738909955,1,0,25,BT106003012MT00221017838,50,83,4db8e093-a366-437b-bb9b-55b017cf9f53
0,0,No Error,350,0,No Error,662,865209069519313,10,95,77,0,0,3,1738909955,1,0,25,BT106003012MT00221017838,50,83,4db8e093-a366-437b-bb9b-55b017cf9f53
0,0,No Error,350,0,No Error,662,865209069519313,10,95,77,0,0,3,1738909955,1,0,25,BT106003012MT00221017838,50,83,4db8e093-a366-437b-bb9b-55b017cf9f53
0,0,No Error,350,0,No Error,662,865209069519313,10,95,77,0,0,3,1738909955,1,0,25,BT106003012MT00221017838,50,83,4db8e093-a366-437b-bb9b-55b017cf9f53
0,0,No Error,350,0,No Error,662,865209069519313,10,95,77,0,0,3,1738909985,1,0,25,BT106003012MT00221017838,50,83,4db8e093-a366-437b-bb9b-55b017cf9f53
0,0,No Error,350,0,No Error,662,865209069519313,10,95,77,0,0,3,1738909985,1,0,25,BT106003012MT00221017838,50,83,4db8e093-a366-437b-bb9b-55b017cf9f53
0,0,No Error,350,0,No Error,662,865209069519313,10,95,77,0,0,3,1738910015,1,0,25,BT106003012MT00221017838,49,83,4db8e093-a366-437b-bb9b-55b017cf9f53
0,0,No Error,350,0,No Error,662,865209069519313,10,95,77,0,0,3,1738910015,1,0,25,BT106003012MT00221017838,49,83,4db8e093-a366-437b-bb9b-55b017cf9f53
0,0,No Error,350,0,No Error,662,865209069519313,10,95,77,0,0,3,1738910015,1,0,25,BT106003012MT00221017838,49,83,4db8e093-a366-437b-bb9b-55b017cf9f53
0,0,No Error,350,0,No Error,662,865209069519313,10,95,77,0,0,3,1738910015,1,0,25,BT106003012MT00221017838,49,83,4db8e093-a366-437b-bb9b-55b017cf9f53
0,0,No Error,350,0,No Error,663,865209069519313,10,95,77,0,0,3,1738910045,1,0,25,BT106003012MT00221017838,49,83,4db8e093-a366-437b-bb9b-55b017cf9f53
0,0,No Error,350,0,No Error,663,865209069519313,10,95,77,0,0,3,1738910045,1,0,25,BT106003012MT00221017838,49,83,4db8e093-a366-437b-bb9b-55b017cf9f53
0,0,No Error,350,0,No Error,663,865209069519313,10,95,77,0,0,3,1738910045,1,0,25,BT106003012MT00221017838,49,83,4db8e093-a366-437b-bb9b-55b017cf9f53
0,0,No Error,350,0,No Error,663,865209069519313,10,95,77,0,0,3,1738910045,1,0,25,BT106003012MT00221017838,49,83,4db8e093-a366-437b-bb9b-55b017cf9f53
0,0,No Error,350,0,No Error,663,865209069519313,10,95,77,0,0,3,1738910075,1,0,25,BT106003012MT00221017838,48,83,4db8e093-a366-437b-bb9b-55b017cf9f53
0,0,No Error,350,0,No Error,663,865209069519313,10,95,77,0,0,3,1738910075,1,0,25,BT106003012MT00221017838,48,83,4db8e093-a366-437b-bb9b-55b017cf9f53
0,0,No Error,350,0,No Error,663,865209069519313,10,95,77,0,0,3,1738910075,1,0,25,BT106003012MT00221017838,48,83,4db8e093-a366-437b-bb9b-55b017cf9f53
0,0,No Error,350,0,No Error,663,865209069519313,10,95,77,0,0,3,1738910075,1,0,25,BT106003012MT00221017838,48,83,4db8e093-a366-437b-bb9b-55b017cf9f53
0,0,No Error,350,0,No Error,663,865209069519313,10,95,77,0,0,0,1738910105,1,0,25,BT106003012MT00221017838,48,83,4db8e093-a366-437b-bb9b-55b017cf9f53
0,0,No Error,350,0,No Error,663,865209069519313,10,95,77,0,0,0,1738910105,1,0,25,BT106003012MT00221017838,48,83,4db8e093-a366-437b-bb9b-55b017cf9f53
0,0,No Error,350,0,No Error,663,865209069519313,10,95,77,0,0,0,1738910105,1,0,25,BT106003012MT00221017838,48,83,4db8e093-a366-437b-bb9b-55b017cf9f53
0,0,No Error,350,0,No Error,663,865209069519313,10,95,77,0,0,0,1738910105,1,0,25,BT106003012MT00221017838,48,83,4db8e093-a366-437b-bb9b-55b017cf9f53
0,0,No Error,350,0,No Error,661,865209069519313,10,95,77,56,21,3,1738910135,1,12,25,BT106003012MT00221017838,48,83,4db8e093-a366-437b-bb9b-55b017cf9f53
0,0,No Error,350,0,No Error,661,865209069519313,10,95,77,56,21,3,1738910135,1,12,25,BT106003012MT00221017838,48,83,4db8e093-a366-437b-bb9b-55b017cf9f53
0,0,No Error,350,0,No Error,661,865209069519313,10,95,77,56,21,3,1738910135,1,12,25,BT106003012MT00221017838,48,83,4db8e093-a366-437b-bb9b-55b017cf9f53
0,0,No Error,350,0,No Error,661,865209069519313,10,95,77,56,21,3,1738910135,1,12,25,BT106003012MT00221017838,48,83,4db8e093-a366-437b-bb9b-55b017cf9f53
0,0,No Error,350,0,No Error,659,865209069519313,10,95,77,0,1,0,1738910165,1,0,25,BT106003012MT00221017838,51,83,4db8e093-a366-437b-bb9b-55b017cf9f53
0,0,No Error,350,0,No Error,659,865209069519313,10,95,77,0,1,0,1738910165,1,0,25,BT106003012MT00221017838,51,83,4db8e093-a366-437b-bb9b-55b017cf9f53
0,0,No Error,350,0,No Error,659,865209069519313,10,95,77,0,1,0,1738910165,1,0,25,BT106003012MT00221017838,51,83,4db8e093-a366-437b-bb9b-55b017cf9f53
0,0,No Error,350,0,No Error,659,865209069519313,10,95,77,0,1,0,1738910165,1,0,25,BT106003012MT00221017838,51,83,4db8e093-a366-437b-bb9b-55b017cf9f53
0,0,No Error,350,0,No Error,662,865209069519313,10,95,77,0,0,0,1738910195,1,0,25,BT106003012MT00221017838,51,83,4db8e093-a366-437b-bb9b-55b017cf9f53
0,0,No Error,350,0,No Error,662,865209069519313,10,95,77,0,0,0,1738910195,1,0,25,BT106003012MT00221017838,51,83,4db8e093-a366-437b-bb9b-55b017cf9f53
0,0,No Error,350,0,No Error,662,865209069519313,10,95,77,0,0,0,1738910195,1,0,25,BT106003012MT00221017838,51,83,4db8e093-a366-437b-bb9b-55b017cf9f53
0,0,No Error,350,0,No Error,662,865209069519313,10,95,77,0,0,0,1738910195,1,0,25,BT106003012MT00221017838,51,83,4db8e093-a366-437b-bb9b-55b017cf9f53
0,0,No Error,351,0,No Error,662,865209069519313,10,95,77,0,0,0,1738910225,1,0,25,BT106003012MT00221017838,51,83,4db8e093-a366-437b-bb9b-55b017cf9f53
0,0,No Error,351,0,No Error,662,865209069519313,10,95,77,0,0,0,1738910225,1,0,25,BT106003012MT00221017838,51,83,4db8e093-a366-437b-bb9b-55b017cf9f53
0,0,No Error,351,0,No Error,662,865209069519313,10,95,77,0,0,0,1738910225,1,0,25,BT106003012MT00221017838,51,83,4db8e093-a366-437b-bb9b-55b017cf9f53
0,0,No Error,351,0,No Error,662,865209069519313,10,95,77,0,0,0,1738910225,1,0,25,BT106003012MT00221017838,51,83,4db8e093-a366-437b-bb9b-55b017cf9f53
0,0,No Error,351,0,No Error,663,865209069519313,10,95,77,0,0,0,1738910255,1,0,25,BT106003012MT00221017838,51,83,4db8e093-a366-437b-bb9b-55b017cf9f53
0,0,No Error,351,0,No Error,663,865209069519313,10,95,77,0,0,0,1738910255,1,0,25,BT106003012MT00221017838,51,83,4db8e093-a366-437b-bb9b-55b017cf9f53
0,0,No Error,351,0,No Error,663,865209069519313,10,95,77,0,0,0,1738910255,1,0,25,BT106003012MT00221017838,51,83,4db8e093-a366-437b-bb9b-55b017cf9f53
0,0,No Error,351,0,No Error,663,865209069519313,10,95,77,0,0,0,1738910255,1,0,25,BT106003012MT00221017838,51,83,4db8e093-a366-437b-bb9b-55b017cf9f53
0,0,No Error,351,0,No Error,663,865209069519313,10,95,77,0,0,0,1738910285,1,0,25,BT106003012MT00221017838,51,83,4db8e093-a366-437b-bb9b-55b017cf9f53
0,0,No Error,351,0,No Error,663,865209069519313,10,95,77,0,0,0,1738910285,1,0,25,BT106003012MT00221017838,51,83,4db8e093-a366-437b-bb9b-55b017cf9f53
0,0,No Error,351,0,No Error,663,865209069519313,10,95,77,0,0,0,1738910285,1,0,25,BT106003012MT00221017838,51,83,4db8e093-a366-437b-bb9b-55b017cf9f53
0,0,No Error,351,0,No Error,663,865209069519313,10,95,77,0,0,0,1738910285,1,0,25,BT106003012MT00221017838,51,83,4db8e093-a366-437b-bb9b-55b017cf9f53
0,0,No Error,351,0,No Error,663,865209069519313,10,95,77,0,0,0,1738910316,1,0,25,BT106003012MT00221017838,51,83,4db8e093-a366-437b-bb9b-55b017cf9f53
0,0,No Error,351,0,No Error,663,865209069519313,10,95,77,0,0,0,1738910316,1,0,25,BT106003012MT00221017838,51,83,4db8e093-a366-437b-bb9b-55b017cf9f53
0,0,No Error,351,0,No Error,664,865209069519313,10,95,77,0,0,0,1738910346,1,0,25,BT106003012MT00221017838,51,83,4db8e093-a366-437b-bb9b-55b017cf9f53
0,0,No Error,351,0,No Error,664,865209069519313,10,95,77,0,0,0,1738910346,1,0,25,BT106003012MT00221017838,51,83,4db8e093-a366-437b-bb9b-55b017cf9f53
0,0,No Error,351,0,No Error,664,865209069519313,10,95,77,0,0,0,1738910346,1,0,25,BT106003012MT00221017838,51,83,4db8e093-a366-437b-bb9b-55b017cf9f53
0,0,No Error,351,0,No Error,664,865209069519313,10,95,77,0,0,0,1738910346,1,0,25,BT106003012MT00221017838,51,83,4db8e093-a366-437b-bb9b-55b017cf9f53
0,0,No Error,351,0,No Error,644,865209069519313,10,95,76,100,324,3,1738910386,1,318,25,BT106003012MT00221017838,49,83,4db8e093-a366-437b-bb9b-55b017cf9f53
0,0,No Error,351,0,No Error,644,865209069519313,10,95,76,100,324,3,1738910386,1,318,25,BT106003012MT00221017838,49,83,4db8e093-a366-437b-bb9b-55b017cf9f53
0,0,No Error,351,0,No Error,644,865209069519313,10,95,76,100,324,3,1738910386,1,318,25,BT106003012MT00221017838,49,83,4db8e093-a366-437b-bb9b-55b017cf9f53
0,0,No Error,351,0,No Error,644,865209069519313,10,95,76,100,324,3,1738910386,1,318,25,BT106003012MT00221017838,49,83,4db8e093-a366-437b-bb9b-55b017cf9f53
0,0,No Error,351,0,No Error,652,865209069519313,10,95,76,0,0,0,1738910416,1,450,25,BT106003012MT00221017838,53,83,4db8e093-a366-437b-bb9b-55b017cf9f53
0,0,No Error,351,0,No Error,652,865209069519313,10,95,76,0,0,0,1738910416,1,450,25,BT106003012MT00221017838,53,83,4db8e093-a366-437b-bb9b-55b017cf9f53
0,0,No Error,352,0,No Error,642,865209069519313,10,95,75,93,215,3,1738910446,1,450,25,BT106003012MT00221017838,54,83,4db8e093-a366-437b-bb9b-55b017cf9f53
0,0,No Error,352,0,No Error,642,865209069519313,10,95,75,93,215,3,1738910446,1,450,25,BT106003012MT00221017838,54,83,4db8e093-a366-437b-bb9b-55b017cf9f53
0,0,No Error,352,0,No Error,642,865209069519313,10,95,75,93,215,3,1738910446,1,450,25,BT106003012MT00221017838,54,83,4db8e093-a366-437b-bb9b-55b017cf9f53
0,0,No Error,352,0,No Error,642,865209069519313,10,95,75,93,215,3,1738910446,1,450,25,BT106003012MT00221017838,54,83,4db8e093-a366-437b-bb9b-55b017cf9f53
0,0,No Error,353,0,No Error,656,865209069519313,10,95,75,0,0,3,1738910476,1,12,25,BT106003012MT00221017838,55,83,4db8e093-a366-437b-bb9b-55b017cf9f53
0,0,No Error,353,0,No Error,656,865209069519313,10,95,75,0,0,3,1738910476,1,12,25,BT106003012MT00221017838,55,83,4db8e093-a366-437b-bb9b-55b017cf9f53
0,0,No Error,353,0,No Error,659,865209069519313,10,95,75,0,0,3,1738910506,1,12,25,BT106003012MT00221017838,55,83,4db8e093-a366-437b-bb9b-55b017cf9f53
0,0,No Error,353,0,No Error,659,865209069519313,10,95,75,0,0,3,1738910506,1,12,25,BT106003012MT00221017838,55,83,4db8e093-a366-437b-bb9b-55b017cf9f53
0,0,No Error,353,0,No Error,659,865209069519313,10,95,75,0,0,3,1738910506,1,12,25,BT106003012MT00221017838,55,83,4db8e093-a366-437b-bb9b-55b017cf9f53
0,0,No Error,353,0,No Error,659,865209069519313,10,95,75,0,0,3,1738910506,1,12,25,BT106003012MT00221017838,55,83,4db8e093-a366-437b-bb9b-55b017cf9f53
0,0,No Error,353,0,No Error,660,865209069519313,10,95,75,0,0,3,1738910536,1,12,25,BT106003012MT00221017838,55,83,4db8e093-a366-437b-bb9b-55b017cf9f53
0,0,No Error,353,0,No Error,660,865209069519313,10,95,75,0,0,3,1738910536,1,12,25,BT106003012MT00221017838,55,83,4db8e093-a366-437b-bb9b-55b017cf9f53
0,0,No Error,353,0,No Error,660,865209069519313,10,95,75,0,0,3,1738910566,1,12,25,BT106003012MT00221017838,55,83,4db8e093-a366-437b-bb9b-55b017cf9f53
0,0,No Error,353,0,No Error,660,865209069519313,10,95,75,0,0,3,1738910566,1,12,25,BT106003012MT00221017838,55,83,4db8e093-a366-437b-bb9b-55b017cf9f53
0,0,No Error,353,0,No Error,660,865209069519313,10,95,75,0,0,3,1738910566,1,12,25,BT106003012MT00221017838,55,83,4db8e093-a366-437b-bb9b-55b017cf9f53
0,0,No Error,353,0,No Error,660,865209069519313,10,95,75,0,0,3,1738910566,1,12,25,BT106003012MT00221017838,55,83,4db8e093-a366-437b-bb9b-55b017cf9f53
0,0,No Error,354,0,No Error,661,865209069519313,10,95,75,0,0,3,1738910596,1,12,25,BT106003012MT00221017838,55,83,4db8e093-a366-437b-bb9b-55b017cf9f53
0,0,No Error,354,0,No Error,661,865209069519313,10,95,75,0,0,3,1738910596,1,12,25,BT106003012MT00221017838,55,83,4db8e093-a366-437b-bb9b-55b017cf9f53
0,0,No Error,354,0,No Error,661,865209069519313,10,95,75,0,0,3,1738910626,1,12,25,BT106003012MT00221017838,55,83,4db8e093-a366-437b-bb9b-55b017cf9f53
0,0,No Error,354,0,No Error,661,865209069519313,10,95,75,0,0,3,1738910626,1,12,25,BT106003012MT00221017838,55,83,4db8e093-a366-437b-bb9b-55b017cf9f53
0,0,No Error,354,0,No Error,661,865209069519313,10,95,75,0,0,3,1738910626,1,12,25,BT106003012MT00221017838,55,83,4db8e093-a366-437b-bb9b-55b017cf9f53
0,0,No Error,354,0,No Error,661,865209069519313,10,95,75,0,0,3,1738910626,1,12,25,BT106003012MT00221017838,55,83,4db8e093-a366-437b-bb9b-55b017cf9f53
0,0,No Error,354,0,No Error,643,865209069519313,10,95,74,100,321,3,1738910855,1,408,25,BT106003012MT00221017838,51,83,4db8e093-a366-437b-bb9b-55b017cf9f53
0,0,No Error,354,0,No Error,643,865209069519313,10,95,74,100,321,3,1738910855,1,408,25,BT106003012MT00221017838,51,83,4db8e093-a366-437b-bb9b-55b017cf9f53
0,0,No Error,354,0,No Error,643,865209069519313,10,95,74,100,321,3,1738910855,1,408,25,BT106003012MT00221017838,51,83,4db8e093-a366-437b-bb9b-55b017cf9f53
0,0,No Error,354,0,No Error,643,865209069519313,10,95,74,100,321,3,1738910855,1,408,25,BT106003012MT00221017838,51,83,4db8e093-a366-437b-bb9b-55b017cf9f53
0,0,No Error,354,0,No Error,660,865209069519313,10,95,74,0,0,3,1738910885,1,0,25,BT106003012MT00221017838,51,83,4db8e093-a366-437b-bb9b-55b017cf9f53
0,0,No Error,354,0,No Error,660,865209069519313,10,95,74,0,0,3,1738910885,1,0,25,BT106003012MT00221017838,51,83,4db8e093-a366-437b-bb9b-55b017cf9f53
0,0,No Error,354,0,No Error,660,865209069519313,10,95,74,0,0,3,1738910885,1,0,25,BT106003012MT00221017838,51,83,4db8e093-a366-437b-bb9b-55b017cf9f53
0,0,No Error,354,0,No Error,660,865209069519313,10,95,74,0,0,3,1738910885,1,0,25,BT106003012MT00221017838,51,83,4db8e093-a366-437b-bb9b-55b017cf9f53
0,0,No Error,355,0,No Error,657,865209069519313,10,95,74,75,38,0,1738910915,1,252,25,BT106003012MT00221017838,53,83,4db8e093-a366-437b-bb9b-55b017cf9f53
0,0,No Error,355,0,No Error,657,865209069519313,10,95,74,75,38,0,1738910915,1,252,25,BT106003012MT00221017838,53,83,4db8e093-a366-437b-bb9b-55b017cf9f53
0,0,No Error,355,0,No Error,659,865209069519313,10,95,74,0,0,3,1738910945,1,0,25,BT106003012MT00221017838,55,83,4db8e093-a366-437b-bb9b-55b017cf9f53
0,0,No Error,355,0,No Error,659,865209069519313,10,95,74,0,0,3,1738910945,1,0,25,BT106003012MT00221017838,55,83,4db8e093-a366-437b-bb9b-55b017cf9f53
0,0,No Error,355,0,No Error,658,865209069519313,10,95,74,0,13,0,1738910975,1,120,25,BT106003012MT00221017838,55,83,4db8e093-a366-437b-bb9b-55b017cf9f53
0,0,No Error,355,0,No Error,658,865209069519313,10,95,74,0,13,0,1738910975,1,120,25,BT106003012MT00221017838,55,83,4db8e093-a366-437b-bb9b-55b017cf9f53
0,0,No Error,355,0,No Error,658,865209069519313,10,95,74,0,13,0,1738910975,1,120,25,BT106003012MT00221017838,55,83,4db8e093-a366-437b-bb9b-55b017cf9f53
0,0,No Error,355,0,No Error,658,865209069519313,10,95,74,0,13,0,1738910975,1,120,25,BT106003012MT00221017838,55,83,4db8e093-a366-437b-bb9b-55b017cf9f53
0,0,No Error,356,0,No Error,660,865209069519313,10,95,74,0,2,0,1738911005,1,0,25,BT106003012MT00221017838,55,83,4db8e093-a366-437b-bb9b-55b017cf9f53
0,0,No Error,356,0,No Error,660,865209069519313,10,95,74,0,2,0,1738911005,1,0,25,BT106003012MT00221017838,55,83,4db8e093-a366-437b-bb9b-55b017cf9f53
0,0,No Error,356,0,No Error,660,865209069519313,10,95,74,0,2,0,1738911005,1,0,25,BT106003012MT00221017838,55,83,4db8e093-a366-437b-bb9b-55b017cf9f53
0,0,No Error,356,0,No Error,660,865209069519313,10,95,74,0,2,0,1738911005,1,0,25,BT106003012MT00221017838,55,83,4db8e093-a366-437b-bb9b-55b017cf9f53
0,0,No Error,356,0,No Error,659,865209069519313,10,95,73,0,0,3,1738911035,1,0,25,BT106003012MT00221017838,55,83,4db8e093-a366-437b-bb9b-55b017cf9f53
0,0,No Error,356,0,No Error,659,865209069519313,10,95,73,0,0,3,1738911035,1,0,25,BT106003012MT00221017838,55,83,4db8e093-a366-437b-bb9b-55b017cf9f53
0,0,No Error,356,0,No Error,661,865209069519313,10,95,73,0,0,3,1738911065,1,0,25,BT106003012MT00221017838,54,83,4db8e093-a366-437b-bb9b-55b017cf9f53
0,0,No Error,356,0,No Error,661,865209069519313,10,95,73,0,0,3,1738911065,1,0,25,BT106003012MT00221017838,54,83,4db8e093-a366-437b-bb9b-55b017cf9f53
0,0,No Error,357,0,No Error,661,865209069519313,10,95,73,0,0,3,1738911095,1,0,25,BT106003012MT00221017838,53,83,4db8e093-a366-437b-bb9b-55b017cf9f53
0,0,No Error,357,0,No Error,661,865209069519313,10,95,73,0,0,3,1738911095,1,0,25,BT106003012MT00221017838,53,83,4db8e093-a366-437b-bb9b-55b017cf9f53
0,0,No Error,357,0,No Error,661,865209069519313,10,95,73,0,0,3,1738911095,1,0,25,BT106003012MT00221017838,53,83,4db8e093-a366-437b-bb9b-55b017cf9f53
0,0,No Error,357,0,No Error,661,865209069519313,10,95,73,0,0,3,1738911095,1,0,25,BT106003012MT00221017838,53,83,4db8e093-a366-437b-bb9b-55b017cf9f53
0,0,No Error,357,0,No Error,661,865209069519313,10,95,73,0,0,3,1738911125,1,0,25,BT106003012MT00221017838,52,83,4db8e093-a366-437b-bb9b-55b017cf9f53
0,0,No Error,357,0,No Error,661,865209069519313,10,95,73,0,0,3,1738911125,1,0,25,BT106003012MT00221017838,52,83,4db8e093-a366-437b-bb9b-55b017cf9f53
0,0,No Error,357,0,No Error,662,865209069519313,10,95,73,0,0,3,1738911155,1,0,25,BT106003012MT00221017838,52,83,4db8e093-a366-437b-bb9b-55b017cf9f53
0,0,No Error,357,0,No Error,662,865209069519313,10,95,73,0,0,3,1738911155,1,0,25,BT106003012MT00221017838,52,83,4db8e093-a366-437b-bb9b-55b017cf9f53
0,0,No Error,357,0,No Error,662,865209069519313,10,95,73,0,0,3,1738911185,1,0,25,BT106003012MT00221017838,51,83,4db8e093-a366-437b-bb9b-55b017cf9f53
0,0,No Error,357,0,No Error,662,865209069519313,10,95,73,0,0,3,1738911185,1,0,25,BT106003012MT00221017838,51,83,4db8e093-a366-437b-bb9b-55b017cf9f53
0,0,No Error,357,0,No Error,662,865209069519313,10,95,73,0,0,3,1738911215,1,0,25,BT106003012MT00221017838,51,83,4db8e093-a366-437b-bb9b-55b017cf9f53
0,0,No Error,357,0,No Error,662,865209069519313,10,95,73,0,0,3,1738911215,1,0,25,BT106003012MT00221017838,51,83,4db8e093-a366-437b-bb9b-55b017cf9f53
0,0,No Error,357,0,No Error,662,865209069519313,10,95,73,0,0,3,1738911215,1,0,25,BT106003012MT00221017838,51,83,4db8e093-a366-437b-bb9b-55b017cf9f53
0,0,No Error,357,0,No Error,662,865209069519313,10,95,73,0,0,3,1738911215,1,0,25,BT106003012MT00221017838,51,83,4db8e093-a366-437b-bb9b-55b017cf9f53
0,0,No Error,357,0,No Error,660,865209069519313,10,95,73,33,0,3,1738911245,1,24,25,BT106003012MT00221017838,53,83,4db8e093-a366-437b-bb9b-55b017cf9f53
0,0,No Error,357,0,No Error,660,865209069519313,10,95,73,33,0,3,1738911245,1,24,25,BT106003012MT00221017838,53,83,4db8e093-a366-437b-bb9b-55b017cf9f53
0,0,No Error,357,0,No Error,658,865209069519313,10,95,73,59,12,3,1738911275,1,156,25,BT106003012MT00221017838,56,83,4db8e093-a366-437b-bb9b-55b017cf9f53
0,0,No Error,357,0,No Error,658,865209069519313,10,95,73,59,12,3,1738911275,1,156,25,BT106003012MT00221017838,56,83,4db8e093-a366-437b-bb9b-55b017cf9f53
0,0,No Error,357,0,No Error,643,865209069519313,10,95,72,88,215,3,1738911305,1,462,25,BT106003012MT00221017838,58,83,4db8e093-a366-437b-bb9b-55b017cf9f53
0,0,No Error,357,0,No Error,643,865209069519313,10,95,72,88,215,3,1738911305,1,462,25,BT106003012MT00221017838,58,83,4db8e093-a366-437b-bb9b-55b017cf9f53
0,0,No Error,357,0,No Error,643,865209069519313,10,95,72,88,215,3,1738911305,1,462,25,BT106003012MT00221017838,58,83,4db8e093-a366-437b-bb9b-55b017cf9f53
0,0,No Error,357,0,No Error,643,865209069519313,10,95,72,88,215,3,1738911305,1,462,25,BT106003012MT00221017838,58,83,4db8e093-a366-437b-bb9b-55b017cf9f53
0,0,No Error,358,0,No Error,658,865209069519313,10,95,72,0,0,0,1738911335,1,54,25,BT106003012MT00221017838,58,83,4db8e093-a366-437b-bb9b-55b017cf9f53
0,0,No Error,358,0,No Error,658,865209069519313,10,95,72,0,0,0,1738911335,1,54,25,BT106003012MT00221017838,58,83,4db8e093-a366-437b-bb9b-55b017cf9f53
0,0,No Error,358,0,No Error,658,865209069519313,10,95,72,0,0,0,1738911335,1,54,25,BT106003012MT00221017838,58,83,4db8e093-a366-437b-bb9b-55b017cf9f53
0,0,No Error,358,0,No Error,658,865209069519313,10,95,72,0,0,0,1738911335,1,54,25,BT106003012MT00221017838,58,83,4db8e093-a366-437b-bb9b-55b017cf9f53
0,0,No Error,358,0,No Error,660,865209069519313,10,95,72,0,0,0,1738911365,1,54,25,BT106003012MT00221017838,58,83,4db8e093-a366-437b-bb9b-55b017cf9f53
0,0,No Error,358,0,No Error,660,865209069519313,10,95,72,0,0,0,1738911365,1,54,25,BT106003012MT00221017838,58,83,4db8e093-a366-437b-bb9b-55b017cf9f53
0,0,No Error,358,0,No Error,660,865209069519313,10,95,72,0,0,0,1738911395,1,54,25,BT106003012MT00221017838,58,83,4db8e093-a366-437b-bb9b-55b017cf9f53
0,0,No Error,358,0,No Error,660,865209069519313,10,95,72,0,0,0,1738911395,1,54,25,BT106003012MT00221017838,58,83,4db8e093-a366-437b-bb9b-55b017cf9f53
0,0,No Error,358,0,No Error,660,865209069519313,10,95,72,0,0,0,1738911395,1,54,25,BT106003012MT00221017838,58,83,4db8e093-a366-437b-bb9b-55b017cf9f53
0,0,No Error,358,0,No Error,660,865209069519313,10,95,72,0,0,0,1738911395,1,54,25,BT106003012MT00221017838,58,83,4db8e093-a366-437b-bb9b-55b017cf9f53
0,0,No Error,358,0,No Error,661,865209069519313,10,95,72,0,0,0,1738911425,1,54,25,BT106003012MT00221017838,58,83,4db8e093-a366-437b-bb9b-55b017cf9f53
0,0,No Error,358,0,No Error,661,865209069519313,10,95,72,0,0,0,1738911425,1,54,25,BT106003012MT00221017838,58,83,4db8e093-a366-437b-bb9b-55b017cf9f53
0,0,No Error,359,0,No Error,661,865209069519313,10,95,72,0,0,0,1738911455,1,54,25,BT106003012MT00221017838,58,83,4db8e093-a366-437b-bb9b-55b017cf9f53
0,0,No Error,359,0,No Error,661,865209069519313,10,95,72,0,0,0,1738911455,1,54,25,BT106003012MT00221017838,58,83,4db8e093-a366-437b-bb9b-55b017cf9f53
0,0,No Error,359,0,No Error,661,865209069519313,10,95,72,0,0,0,1738911485,1,54,25,BT106003012MT00221017838,58,83,4db8e093-a366-437b-bb9b-55b017cf9f53
0,0,No Error,359,0,No Error,661,865209069519313,10,95,72,0,0,0,1738911485,1,54,25,BT106003012MT00221017838,58,83,4db8e093-a366-437b-bb9b-55b017cf9f53
0,0,No Error,359,0,No Error,661,865209069519313,10,95,72,0,0,0,1738911485,1,54,25,BT106003012MT00221017838,58,83,4db8e093-a366-437b-bb9b-55b017cf9f53
0,0,No Error,359,0,No Error,661,865209069519313,10,95,72,0,0,0,1738911485,1,54,25,BT106003012MT00221017838,58,83,4db8e093-a366-437b-bb9b-55b017cf9f53
0,0,No Error,360,0,No Error,662,865209069519313,10,95,72,0,15,0,1738911920,1,150,25,BT106003012MT00221017838,49,83,4db8e093-a366-437b-bb9b-55b017cf9f53
0,0,No Error,360,0,No Error,662,865209069519313,10,95,72,0,15,0,1738911920,1,150,25,BT106003012MT00221017838,49,83,4db8e093-a366-437b-bb9b-55b017cf9f53
0,0,No Error,360,0,No Error,645,865209069519313,10,95,72,100,241,3,1738911950,1,468,25,BT106003012MT00221017838,52,83,4db8e093-a366-437b-bb9b-55b017cf9f53
0,0,No Error,360,0,No Error,645,865209069519313,10,95,72,100,241,3,1738911950,1,468,25,BT106003012MT00221017838,52,83,4db8e093-a366-437b-bb9b-55b017cf9f53
0,0,No Error,360,0,No Error,645,865209069519313,10,95,72,100,241,3,1738911950,1,468,25,BT106003012MT00221017838,52,83,4db8e093-a366-437b-bb9b-55b017cf9f53
0,0,No Error,360,0,No Error,645,865209069519313,10,95,72,100,241,3,1738911950,1,468,25,BT106003012MT00221017838,52,83,4db8e093-a366-437b-bb9b-55b017cf9f53
0,0,No Error,360,0,No Error,657,865209069519313,10,95,71,0,55,3,1738911980,1,318,25,BT106003012MT00221017838,53,83,4db8e093-a366-437b-bb9b-55b017cf9f53
0,0,No Error,360,0,No Error,657,865209069519313,10,95,71,0,55,3,1738911980,1,318,25,BT106003012MT00221017838,53,83,4db8e093-a366-437b-bb9b-55b017cf9f53
0,0,No Error,360,0,No Error,657,865209069519313,10,95,71,0,55,3,1738911980,1,318,25,BT106003012MT00221017838,53,83,4db8e093-a366-437b-bb9b-55b017cf9f53
0,0,No Error,360,0,No Error,657,865209069519313,10,95,71,0,55,3,1738911980,1,318,25,BT106003012MT00221017838,53,83,4db8e093-a366-437b-bb9b-55b017cf9f53
0,0,No Error,361,0,No Error,658,865209069519313,10,95,71,0,0,3,1738912010,1,0,25,BT106003012MT00221017838,54,83,4db8e093-a366-437b-bb9b-55b017cf9f53
0,0,No Error,361,0,No Error,658,865209069519313,10,95,71,0,0,3,1738912010,1,0,25,BT106003012MT00221017838,54,83,4db8e093-a366-437b-bb9b-55b017cf9f53
0,0,No Error,361,0,No Error,658,865209069519313,10,95,71,0,0,3,1738912010,1,0,25,BT106003012MT00221017838,54,83,4db8e093-a366-437b-bb9b-55b017cf9f53
0,0,No Error,361,0,No Error,658,865209069519313,10,95,71,0,0,3,1738912010,1,0,25,BT106003012MT00221017838,54,83,4db8e093-a366-437b-bb9b-55b017cf9f53
0,0,No Error,361,0,No Error,659,865209069519313,10,95,71,0,0,3,1738912040,1,0,25,BT106003012MT00221017838,54,83,4db8e093-a366-437b-bb9b-55b017cf9f53
0,0,No Error,361,0,No Error,659,865209069519313,10,95,71,0,0,3,1738912040,1,0,25,BT106003012MT00221017838,54,83,4db8e093-a366-437b-bb9b-55b017cf9f53
0,0,No Error,361,0,No Error,660,865209069519313,10,95,71,0,0,3,1738912070,1,0,25,BT106003012MT00221017838,54,83,4db8e093-a366-437b-bb9b-55b017cf9f53
0,0,No Error,361,0,No Error,660,865209069519313,10,95,71,0,0,3,1738912070,1,0,25,BT106003012MT00221017838,54,83,4db8e093-a366-437b-bb9b-55b017cf9f53
0,0,No Error,361,0,No Error,660,865209069519313,10,95,71,0,0,3,1738912100,1,0,25,BT106003012MT00221017838,54,83,4db8e093-a366-437b-bb9b-55b017cf9f53
0,0,No Error,361,0,No Error,660,865209069519313,10,95,71,0,0,3,1738912100,1,0,25,BT106003012MT00221017838,54,83,4db8e093-a366-437b-bb9b-55b017cf9f53
0,0,No Error,361,0,No Error,660,865209069519313,10,95,71,0,0,3,1738912100,1,0,25,BT106003012MT00221017838,54,83,4db8e093-a366-437b-bb9b-55b017cf9f53
0,0,No Error,361,0,No Error,660,865209069519313,10,95,71,0,0,3,1738912100,1,0,25,BT106003012MT00221017838,54,83,4db8e093-a366-437b-bb9b-55b017cf9f53
0,0,No Error,362,0,No Error,661,865209069519313,10,95,71,0,0,3,1738912130,1,0,25,BT106003012MT00221017838,54,83,4db8e093-a366-437b-bb9b-55b017cf9f53
0,0,No Error,362,0,No Error,661,865209069519313,10,95,71,0,0,3,1738912130,1,0,25,BT106003012MT00221017838,54,83,4db8e093-a366-437b-bb9b-55b017cf9f53
0,0,No Error,362,0,No Error,661,865209069519313,10,95,71,0,0,3,1738912160,1,0,25,BT106003012MT00221017838,54,83,4db8e093-a366-437b-bb9b-55b017cf9f53
0,0,No Error,362,0,No Error,661,865209069519313,10,95,71,0,0,3,1738912160,1,0,25,BT106003012MT00221017838,54,83,4db8e093-a366-437b-bb9b-55b017cf9f53
0,0,No Error,363,0,No Error,661,865209069519313,10,95,71,48,165,3,1738913099,1,204,25,BT106003012MT00221017838,45,83,4db8e093-a366-437b-bb9b-55b017cf9f53
0,0,No Error,363,0,No Error,661,865209069519313,10,95,71,48,165,3,1738913099,1,204,25,BT106003012MT00221017838,45,83,4db8e093-a366-437b-bb9b-55b017cf9f53
0,0,No Error,363,0,No Error,661,865209069519313,10,95,71,48,165,3,1738913099,1,204,25,BT106003012MT00221017838,45,83,4db8e093-a366-437b-bb9b-55b017cf9f53
0,0,No Error,363,0,No Error,661,865209069519313,10,95,71,48,165,3,1738913099,1,204,25,BT106003012MT00221017838,45,83,4db8e093-a366-437b-bb9b-55b017cf9f53
0,0,No Error,363,0,No Error,662,865209069519313,10,95,71,0,9,0,1738913129,1,96,25,BT106003012MT00221017838,46,83,4db8e093-a366-437b-bb9b-55b017cf9f53
0,0,No Error,363,0,No Error,662,865209069519313,10,95,71,0,9,0,1738913129,1,96,25,BT106003012MT00221017838,46,83,4db8e093-a366-437b-bb9b-55b017cf9f53
0,0,No Error,363,0,No Error,662,865209069519313,10,95,71,0,9,0,1738913129,1,96,25,BT106003012MT00221017838,46,83,4db8e093-a366-437b-bb9b-55b017cf9f53
0,0,No Error,363,0,No Error,662,865209069519313,10,95,71,0,9,0,1738913129,1,96,25,BT106003012MT00221017838,46,83,4db8e093-a366-437b-bb9b-55b017cf9f53
0,0,No Error,363,0,No Error,662,865209069519313,10,95,71,0,0,0,1738913159,1,0,25,BT106003012MT00221017838,46,83,4db8e093-a366-437b-bb9b-55b017cf9f53
0,0,No Error,363,0,No Error,662,865209069519313,10,95,71,0,0,0,1738913159,1,0,25,BT106003012MT00221017838,46,83,4db8e093-a366-437b-bb9b-55b017cf9f53
0,0,No Error,363,0,No Error,662,865209069519313,10,95,71,0,0,0,1738913159,1,0,25,BT106003012MT00221017838,46,83,4db8e093-a366-437b-bb9b-55b017cf9f53
0,0,No Error,363,0,No Error,662,865209069519313,10,95,71,0,0,0,1738913159,1,0,25,BT106003012MT00221017838,46,83,4db8e093-a366-437b-bb9b-55b017cf9f53
0,0,No Error,362,0,No Error,662,865209069519313,10,95,71,0,19,0,1738913189,1,216,25,BT106003012MT00221017838,46,83,4db8e093-a366-437b-bb9b-55b017cf9f53
0,0,No Error,362,0,No Error,662,865209069519313,10,95,71,0,19,0,1738913189,1,216,25,BT106003012MT00221017838,46,83,4db8e093-a366-437b-bb9b-55b017cf9f53
0,0,No Error,363,0,No Error,659,865209069519313,10,95,70,0,0,3,1738913219,1,0,25,BT106003012MT00221017838,49,83,4db8e093-a366-437b-bb9b-55b017cf9f53
0,0,No Error,363,0,No Error,659,865209069519313,10,95,70,0,0,3,1738913219,1,0,25,BT106003012MT00221017838,49,83,4db8e093-a366-437b-bb9b-55b017cf9f53
0,0,No Error,363,0,No Error,661,865209069519313,10,95,70,0,0,3,1738913249,1,0,25,BT106003012MT00221017838,49,82,4db8e093-a366-437b-bb9b-55b017cf9f53
0,0,No Error,363,0,No Error,661,865209069519313,10,95,70,0,0,3,1738913249,1,0,25,BT106003012MT00221017838,49,82,4db8e093-a366-437b-bb9b-55b017cf9f53
0,0,No Error,363,0,No Error,661,865209069519313,10,95,70,0,0,3,1738913279,1,0,25,BT106003012MT00221017838,49,83,4db8e093-a366-437b-bb9b-55b017cf9f53
0,0,No Error,363,0,No Error,661,865209069519313,10,95,70,0,0,3,1738913279,1,0,25,BT106003012MT00221017838,49,83,4db8e093-a366-437b-bb9b-55b017cf9f53
0,0,No Error,363,0,No Error,662,865209069519313,10,95,70,0,0,3,1738913309,1,0,25,BT106003012MT00221017838,49,83,4db8e093-a366-437b-bb9b-55b017cf9f53
0,0,No Error,363,0,No Error,662,865209069519313,10,95,70,0,0,3,1738913309,1,0,25,BT106003012MT00221017838,49,83,4db8e093-a366-437b-bb9b-55b017cf9f53
0,0,No Error,363,0,No Error,662,865209069519313,10,95,70,0,0,3,1738913309,1,0,25,BT106003012MT00221017838,49,83,4db8e093-a366-437b-bb9b-55b017cf9f53
0,0,No Error,363,0,No Error,662,865209069519313,10,95,70,0,0,3,1738913309,1,0,25,BT106003012MT00221017838,49,83,4db8e093-a366-437b-bb9b-55b017cf9f53
0,0,No Error,363,0,No Error,662,865209069519313,10,95,70,0,0,3,1738913339,1,0,25,BT106003012MT00221017838,49,82,4db8e093-a366-437b-bb9b-55b017cf9f53
0,0,No Error,363,0,No Error,662,865209069519313,10,95,70,0,0,3,1738913339,1,0,25,BT106003012MT00221017838,49,82,4db8e093-a366-437b-bb9b-55b017cf9f53
0,0,No Error,363,0,No Error,646,865209069519313,10,95,70,91,324,2,1738913369,1,282,25,BT106003012MT00221017838,46,83,4db8e093-a366-437b-bb9b-55b017cf9f53
0,0,No Error,363,0,No Error,646,865209069519313,10,95,70,91,324,2,1738913369,1,282,25,BT106003012MT00221017838,46,83,4db8e093-a366-437b-bb9b-55b017cf9f53
0,0,No Error,363,0,No Error,646,865209069519313,10,95,70,91,324,2,1738913369,1,282,25,BT106003012MT00221017838,46,83,4db8e093-a366-437b-bb9b-55b017cf9f53
0,0,No Error,363,0,No Error,646,865209069519313,10,95,70,91,324,2,1738913369,1,282,25,BT106003012MT00221017838,46,83,4db8e093-a366-437b-bb9b-55b017cf9f53
0,0,No Error,363,0,No Error,655,865209069519313,10,95,70,0,5,0,1738913399,1,84,25,BT106003012MT00221017838,49,83,4db8e093-a366-437b-bb9b-55b017cf9f53
0,0,No Error,363,0,No Error,655,865209069519313,10,95,70,0,5,0,1738913399,1,84,25,BT106003012MT00221017838,49,83,4db8e093-a366-437b-bb9b-55b017cf9f53
0,0,No Error,363,0,No Error,650,865209069519313,10,95,70,37,112,2,1738913429,1,312,25,BT106003012MT00221017838,52,83,4db8e093-a366-437b-bb9b-55b017cf9f53
0,0,No Error,363,0,No Error,650,865209069519313,10,95,70,37,112,2,1738913429,1,312,25,BT106003012MT00221017838,52,83,4db8e093-a366-437b-bb9b-55b017cf9f53
0,0,No Error,363,0,No Error,657,865209069519313,10,95,69,0,0,2,1738913459,1,0,25,BT106003012MT00221017838,53,83,4db8e093-a366-437b-bb9b-55b017cf9f53
0,0,No Error,363,0,No Error,657,865209069519313,10,95,69,0,0,2,1738913459,1,0,25,BT106003012MT00221017838,53,83,4db8e093-a366-437b-bb9b-55b017cf9f53
0,0,No Error,363,0,No Error,657,865209069519313,10,95,69,0,0,2,1738913459,1,0,25,BT106003012MT00221017838,53,83,4db8e093-a366-437b-bb9b-55b017cf9f53
0,0,No Error,363,0,No Error,657,865209069519313,10,95,69,0,0,2,1738913459,1,0,25,BT106003012MT00221017838,53,83,4db8e093-a366-437b-bb9b-55b017cf9f53
0,0,No Error,363,0,No Error,659,865209069519313,10,95,69,0,2,0,1738913489,1,0,25,BT106003012MT00221017838,51,83,4db8e093-a366-437b-bb9b-55b017cf9f53
0,0,No Error,363,0,No Error,659,865209069519313,10,95,69,0,2,0,1738913489,1,0,25,BT106003012MT00221017838,51,83,4db8e093-a366-437b-bb9b-55b017cf9f53
0,0,No Error,363,0,No Error,659,865209069519313,10,95,69,0,2,0,1738913489,1,0,25,BT106003012MT00221017838,51,83,4db8e093-a366-437b-bb9b-55b017cf9f53
0,0,No Error,363,0,No Error,659,865209069519313,10,95,69,0,2,0,1738913489,1,0,25,BT106003012MT00221017838,51,83,4db8e093-a366-437b-bb9b-55b017cf9f53
0,0,No Error,363,0,No Error,655,865209069519313,10,95,69,0,73,0,1738913519,1,372,25,BT106003012MT00221017838,54,83,4db8e093-a366-437b-bb9b-55b017cf9f53
0,0,No Error,363,0,No Error,655,865209069519313,10,95,69,0,73,0,1738913519,1,372,25,BT106003012MT00221017838,54,83,4db8e093-a366-437b-bb9b-55b017cf9f53
0,0,No Error,363,0,No Error,655,865209069519313,10,95,69,0,73,0,1738913519,1,372,25,BT106003012MT00221017838,54,83,4db8e093-a366-437b-bb9b-55b017cf9f53
0,0,No Error,363,0,No Error,655,865209069519313,10,95,69,0,73,0,1738913519,1,372,25,BT106003012MT00221017838,54,83,4db8e093-a366-437b-bb9b-55b017cf9f53
0,0,No Error,364,0,No Error,638,865209069519313,10,95,68,56,359,3,1738913549,1,432,25,BT106003012MT00221017838,57,83,4db8e093-a366-437b-bb9b-55b017cf9f53
0,0,No Error,364,0,No Error,638,865209069519313,10,95,68,56,359,3,1738913549,1,432,25,BT106003012MT00221017838,57,83,4db8e093-a366-437b-bb9b-55b017cf9f53
0,0,No Error,364,0,No Error,638,865209069519313,10,95,68,56,359,3,1738913549,1,432,25,BT106003012MT00221017838,57,83,4db8e093-a366-437b-bb9b-55b017cf9f53
0,0,No Error,364,0,No Error,638,865209069519313,10,95,68,56,359,3,1738913549,1,432,25,BT106003012MT00221017838,57,83,4db8e093-a366-437b-bb9b-55b017cf9f53
0,0,No Error,364,0,No Error,654,865209069519313,10,95,68,0,25,0,1738913579,1,192,25,BT106003012MT00221017838,57,83,4db8e093-a366-437b-bb9b-55b017cf9f53
0,0,No Error,364,0,No Error,654,865209069519313,10,95,68,0,25,0,1738913579,1,192,25,BT106003012MT00221017838,57,83,4db8e093-a366-437b-bb9b-55b017cf9f53
0,0,No Error,364,0,No Error,654,865209069519313,10,95,68,0,25,0,1738913579,1,192,25,BT106003012MT00221017838,57,83,4db8e093-a366-437b-bb9b-55b017cf9f53
0,0,No Error,364,0,No Error,654,865209069519313,10,95,68,0,25,0,1738913579,1,192,25,BT106003012MT00221017838,57,83,4db8e093-a366-437b-bb9b-55b017cf9f53
0,0,No Error,364,0,No Error,655,865209069519313,10,95,67,0,0,3,1738913609,1,0,25,BT106003012MT00221017838,58,83,4db8e093-a366-437b-bb9b-55b017cf9f53
0,0,No Error,364,0,No Error,655,865209069519313,10,95,67,0,0,3,1738913609,1,0,25,BT106003012MT00221017838,58,83,4db8e093-a366-437b-bb9b-55b017cf9f53
0,0,No Error,364,0,No Error,655,865209069519313,10,95,67,0,0,3,1738913609,1,0,25,BT106003012MT00221017838,58,83,4db8e093-a366-437b-bb9b-55b017cf9f53
0,0,No Error,364,0,No Error,655,865209069519313,10,95,67,0,0,3,1738913609,1,0,25,BT106003012MT00221017838,58,83,4db8e093-a366-437b-bb9b-55b017cf9f53
0,0,No Error,365,0,No Error,657,865209069519313,10,95,67,0,0,3,1738913639,1,0,25,BT106003012MT00221017838,58,83,4db8e093-a366-437b-bb9b-55b017cf9f53
0,0,No Error,365,0,No Error,657,865209069519313,10,95,67,0,0,3,1738913639,1,0,25,BT106003012MT00221017838,58,83,4db8e093-a366-437b-bb9b-55b017cf9f53
0,0,No Error,365,0,No Error,658,865209069519313,10,95,67,0,0,3,1738913669,1,0,25,BT106003012MT00221017838,58,83,4db8e093-a366-437b-bb9b-55b017cf9f53
0,0,No Error,365,0,No Error,658,865209069519313,10,95,67,0,0,3,1738913669,1,0,25,BT106003012MT00221017838,58,83,4db8e093-a366-437b-bb9b-55b017cf9f53
0,0,No Error,365,0,No Error,658,865209069519313,10,95,67,0,0,3,1738913699,1,0,25,BT106003012MT00221017838,58,82,4db8e093-a366-437b-bb9b-55b017cf9f53
0,0,No Error,365,0,No Error,658,865209069519313,10,95,67,0,0,3,1738913699,1,0,25,BT106003012MT00221017838,58,82,4db8e093-a366-437b-bb9b-55b017cf9f53
0,0,No Error,365,0,No Error,658,865209069519313,10,95,67,0,0,3,1738913699,1,0,25,BT106003012MT00221017838,58,82,4db8e093-a366-437b-bb9b-55b017cf9f53
0,0,No Error,365,0,No Error,658,865209069519313,10,95,67,0,0,3,1738913699,1,0,25,BT106003012MT00221017838,58,82,4db8e093-a366-437b-bb9b-55b017cf9f53
0,0,No Error,365,0,No Error,658,865209069519313,10,95,67,0,0,3,1738913730,1,0,25,BT106003012MT00221017838,58,82,4db8e093-a366-437b-bb9b-55b017cf9f53
0,0,No Error,365,0,No Error,658,865209069519313,10,95,67,0,0,3,1738913730,1,0,25,BT106003012MT00221017838,58,82,4db8e093-a366-437b-bb9b-55b017cf9f53
0,0,No Error,365,0,No Error,658,865209069519313,10,95,67,0,0,2,1738913760,1,0,25,BT106003012MT00221017838,51,83,4db8e093-a366-437b-bb9b-55b017cf9f53
0,0,No Error,365,0,No Error,658,865209069519313,10,95,67,0,0,2,1738913760,1,0,25,BT106003012MT00221017838,51,83,4db8e093-a366-437b-bb9b-55b017cf9f53
0,0,No Error,365,0,No Error,658,865209069519313,10,95,67,0,0,2,1738913760,1,0,25,BT106003012MT00221017838,51,83,4db8e093-a366-437b-bb9b-55b017cf9f53
0,0,No Error,365,0,No Error,658,865209069519313,10,95,67,0,0,2,1738913760,1,0,25,BT106003012MT00221017838,51,83,4db8e093-a366-437b-bb9b-55b017cf9f53
0,0,No Error,365,0,No Error,659,865209069519313,10,95,67,0,0,0,1738913790,1,0,25,BT106003012MT00221017838,51,83,4db8e093-a366-437b-bb9b-55b017cf9f53
0,0,No Error,365,0,No Error,659,865209069519313,10,95,67,0,0,0,1738913790,1,0,25,BT106003012MT00221017838,51,83,4db8e093-a366-437b-bb9b-55b017cf9f53
0,0,No Error,365,0,No Error,658,865209069519313,10,95,67,0,6,0,1738913820,1,78,25,BT106003012MT00221017838,51,83,4db8e093-a366-437b-bb9b-55b017cf9f53
0,0,No Error,365,0,No Error,658,865209069519313,10,95,67,0,6,0,1738913820,1,78,25,BT106003012MT00221017838,51,83,4db8e093-a366-437b-bb9b-55b017cf9f53
0,0,No Error,365,0,No Error,658,865209069519313,10,95,67,0,6,0,1738913820,1,78,25,BT106003012MT00221017838,51,83,4db8e093-a366-437b-bb9b-55b017cf9f53
0,0,No Error,365,0,No Error,658,865209069519313,10,95,67,0,6,0,1738913820,1,78,25,BT106003012MT00221017838,51,83,4db8e093-a366-437b-bb9b-55b017cf9f53
0,0,No Error,365,0,No Error,651,865209069519313,10,95,67,52,119,2,1738913850,1,318,25,BT106003012MT00221017838,54,83,4db8e093-a366-437b-bb9b-55b017cf9f53
0,0,No Error,365,0,No Error,651,865209069519313,10,95,67,52,119,2,1738913850,1,318,25,BT106003012MT00221017838,54,83,4db8e093-a366-437b-bb9b-55b017cf9f53
0,0,No Error,365,0,No Error,650,865209069519313,10,95,67,0,240,3,1738913880,1,366,25,BT106003012MT00221017838,54,83,4db8e093-a366-437b-bb9b-55b017cf9f53
0,0,No Error,365,0,No Error,650,865209069519313,10,95,67,0,240,3,1738913880,1,366,25,BT106003012MT00221017838,54,83,4db8e093-a366-437b-bb9b-55b017cf9f53
0,0,No Error,365,0,No Error,650,865209069519313,10,95,67,0,240,3,1738913880,1,366,25,BT106003012MT00221017838,54,83,4db8e093-a366-437b-bb9b-55b017cf9f53
0,0,No Error,365,0,No Error,650,865209069519313,10,95,67,0,240,3,1738913880,1,366,25,BT106003012MT00221017838,54,83,4db8e093-a366-437b-bb9b-55b017cf9f53
0,0,No Error,366,0,No Error,658,865209069519313,10,95,67,0,51,0,1738913910,1,270,25,BT106003012MT00221017838,54,83,4db8e093-a366-437b-bb9b-55b017cf9f53
0,0,No Error,366,0,No Error,658,865209069519313,10,95,67,0,51,0,1738913910,1,270,25,BT106003012MT00221017838,54,83,4db8e093-a366-437b-bb9b-55b017cf9f53
0,0,No Error,366,0,No Error,657,865209069519313,10,95,67,0,43,0,1738913940,1,234,25,BT106003012MT00221017838,55,83,4db8e093-a366-437b-bb9b-55b017cf9f53
0,0,No Error,366,0,No Error,657,865209069519313,10,95,67,0,43,0,1738913940,1,234,25,BT106003012MT00221017838,55,83,4db8e093-a366-437b-bb9b-55b017cf9f53
0,0,No Error,366,0,No Error,658,865209069519313,10,95,67,0,0,2,1738913970,1,0,25,BT106003012MT00221017838,55,83,4db8e093-a366-437b-bb9b-55b017cf9f53
0,0,No Error,366,0,No Error,658,865209069519313,10,95,67,0,0,2,1738913970,1,0,25,BT106003012MT00221017838,55,83,4db8e093-a366-437b-bb9b-55b017cf9f53
0,0,No Error,366,0,No Error,658,865209069519313,10,95,67,0,0,2,1738914000,1,0,25,BT106003012MT00221017838,55,83,4db8e093-a366-437b-bb9b-55b017cf9f53
0,0,No Error,366,0,No Error,658,865209069519313,10,95,67,0,0,2,1738914000,1,0,25,BT106003012MT00221017838,55,83,4db8e093-a366-437b-bb9b-55b017cf9f53
0,0,No Error,366,0,No Error,658,865209069519313,10,95,67,0,0,2,1738914030,1,0,25,BT106003012MT00221017838,55,83,4db8e093-a366-437b-bb9b-55b017cf9f53
0,0,No Error,366,0,No Error,658,865209069519313,10,95,67,0,0,2,1738914030,1,0,25,BT106003012MT00221017838,55,83,4db8e093-a366-437b-bb9b-55b017cf9f53
0,0,No Error,366,0,No Error,659,865209069519313,10,95,67,0,0,2,1738914060,1,0,25,BT106003012MT00221017838,55,83,4db8e093-a366-437b-bb9b-55b017cf9f53
0,0,No Error,366,0,No Error,659,865209069519313,10,95,67,0,0,2,1738914060,1,0,25,BT106003012MT00221017838,55,83,4db8e093-a366-437b-bb9b-55b017cf9f53
0,0,No Error,366,0,No Error,659,865209069519313,10,95,67,0,0,2,1738914090,1,0,25,BT106003012MT00221017838,55,83,4db8e093-a366-437b-bb9b-55b017cf9f53
0,0,No Error,366,0,No Error,659,865209069519313,10,95,67,0,0,2,1738914090,1,0,25,BT106003012MT00221017838,55,83,4db8e093-a366-437b-bb9b-55b017cf9f53
0,0,No Error,366,0,No Error,659,865209069519313,10,95,67,0,0,2,1738914120,1,0,25,BT106003012MT00221017838,55,83,4db8e093-a366-437b-bb9b-55b017cf9f53
0,0,No Error,366,0,No Error,659,865209069519313,10,95,67,0,0,2,1738914120,1,0,25,BT106003012MT00221017838,55,83,4db8e093-a366-437b-bb9b-55b017cf9f53
0,0,No Error,366,0,No Error,660,865209069519313,10,95,66,12,0,2,1738915433,1,0,25,BT106003012MT00221017838,41,83,4db8e093-a366-437b-bb9b-55b017cf9f53
0,0,No Error,366,0,No Error,660,865209069519313,10,95,66,12,0,2,1738915433,1,0,25,BT106003012MT00221017838,41,83,4db8e093-a366-437b-bb9b-55b017cf9f53
0,0,No Error,366,0,No Error,657,865209069519313,10,95,66,47,64,2,1738915464,1,36,25,BT106003012MT00221017838,44,83,4db8e093-a366-437b-bb9b-55b017cf9f53
0,0,No Error,366,0,No Error,657,865209069519313,10,95,66,47,64,2,1738915464,1,36,25,BT106003012MT00221017838,44,83,4db8e093-a366-437b-bb9b-55b017cf9f53
0,0,No Error,366,0,No Error,657,865209069519313,10,95,66,47,64,2,1738915464,1,36,25,BT106003012MT00221017838,44,83,4db8e093-a366-437b-bb9b-55b017cf9f53
0,0,No Error,366,0,No Error,657,865209069519313,10,95,66,47,64,2,1738915464,1,36,25,BT106003012MT00221017838,44,83,4db8e093-a366-437b-bb9b-55b017cf9f53
0,0,No Error,366,0,No Error,652,865209069519313,10,95,66,0,1,3,1738915494,1,438,25,BT106003012MT00221017838,46,83,4db8e093-a366-437b-bb9b-55b017cf9f53
0,0,No Error,366,0,No Error,652,865209069519313,10,95,66,0,1,3,1738915494,1,438,25,BT106003012MT00221017838,46,83,4db8e093-a366-437b-bb9b-55b017cf9f53
0,0,No Error,366,0,No Error,645,865209069519313,10,95,65,100,174,3,1738915524,1,468,25,BT106003012MT00221017838,47,83,4db8e093-a366-437b-bb9b-55b017cf9f53
0,0,No Error,366,0,No Error,645,865209069519313,10,95,65,100,174,3,1738915524,1,468,25,BT106003012MT00221017838,47,83,4db8e093-a366-437b-bb9b-55b017cf9f53
0,0,No Error,366,0,No Error,645,865209069519313,10,95,65,100,174,3,1738915524,1,468,25,BT106003012MT00221017838,47,83,4db8e093-a366-437b-bb9b-55b017cf9f53
0,0,No Error,366,0,No Error,645,865209069519313,10,95,65,100,174,3,1738915524,1,468,25,BT106003012MT00221017838,47,83,4db8e093-a366-437b-bb9b-55b017cf9f53
0,0,No Error,366,0,No Error,654,865209069519313,10,95,65,0,2,0,1738915554,1,0,25,BT106003012MT00221017838,49,83,4db8e093-a366-437b-bb9b-55b017cf9f53
0,0,No Error,366,0,No Error,654,865209069519313,10,95,65,0,2,0,1738915554,1,0,25,BT106003012MT00221017838,49,83,4db8e093-a366-437b-bb9b-55b017cf9f53
0,0,No Error,366,0,No Error,657,865209069519313,10,95,65,0,0,3,1738915584,1,0,25,BT106003012MT00221017838,49,83,4db8e093-a366-437b-bb9b-55b017cf9f53
0,0,No Error,366,0,No Error,657,865209069519313,10,95,65,0,0,3,1738915584,1,0,25,BT106003012MT00221017838,49,83,4db8e093-a366-437b-bb9b-55b017cf9f53
0,0,No Error,366,0,No Error,657,865209069519313,10,95,65,0,0,3,1738915584,1,0,25,BT106003012MT00221017838,49,83,4db8e093-a366-437b-bb9b-55b017cf9f53
0,0,No Error,366,0,No Error,657,865209069519313,10,95,65,0,0,3,1738915584,1,0,25,BT106003012MT00221017838,49,83,4db8e093-a366-437b-bb9b-55b017cf9f53
0,0,No Error,366,0,No Error,658,865209069519313,10,95,65,0,0,3,1738915614,1,0,25,BT106003012MT00221017838,49,83,4db8e093-a366-437b-bb9b-55b017cf9f53
0,0,No Error,366,0,No Error,658,865209069519313,10,95,65,0,0,3,1738915614,1,0,25,BT106003012MT00221017838,49,83,4db8e093-a366-437b-bb9b-55b017cf9f53
0,0,No Error,366,0,No Error,658,865209069519313,10,95,65,0,0,3,1738915614,1,0,25,BT106003012MT00221017838,49,83,4db8e093-a366-437b-bb9b-55b017cf9f53
0,0,No Error,366,0,No Error,658,865209069519313,10,95,65,0,0,3,1738915614,1,0,25,BT106003012MT00221017838,49,83,4db8e093-a366-437b-bb9b-55b017cf9f53
0,0,No Error,367,0,No Error,658,865209069519313,10,95,65,0,0,3,1738915644,1,0,25,BT106003012MT00221017838,49,83,4db8e093-a366-437b-bb9b-55b017cf9f53
0,0,No Error,367,0,No Error,658,865209069519313,10,95,65,0,0,3,1738915644,1,0,25,BT106003012MT00221017838,49,83,4db8e093-a366-437b-bb9b-55b017cf9f53
0,0,No Error,367,0,No Error,658,865209069519313,10,95,65,0,0,3,1738915644,1,0,25,BT106003012MT00221017838,49,83,4db8e093-a366-437b-bb9b-55b017cf9f53
0,0,No Error,367,0,No Error,658,865209069519313,10,95,65,0,0,3,1738915644,1,0,25,BT106003012MT00221017838,49,83,4db8e093-a366-437b-bb9b-55b017cf9f53
0,0,No Error,366,0,No Error,658,865209069519313,10,95,65,0,0,3,1738915674,1,0,25,BT106003012MT00221017838,49,82,4db8e093-a366-437b-bb9b-55b017cf9f53
0,0,No Error,366,0,No Error,658,865209069519313,10,95,65,0,0,3,1738915674,1,0,25,BT106003012MT00221017838,49,82,4db8e093-a366-437b-bb9b-55b017cf9f53
0,0,No Error,366,0,No Error,658,865209069519313,10,95,65,0,0,3,1738915674,1,0,25,BT106003012MT00221017838,49,82,4db8e093-a366-437b-bb9b-55b017cf9f53
0,0,No Error,366,0,No Error,658,865209069519313,10,95,65,0,0,3,1738915674,1,0,25,BT106003012MT00221017838,49,82,4db8e093-a366-437b-bb9b-55b017cf9f53
0,0,No Error,366,0,No Error,659,865209069519313,10,95,65,0,0,3,1738915704,1,0,25,BT106003012MT00221017838,49,82,4db8e093-a366-437b-bb9b-55b017cf9f53
0,0,No Error,366,0,No Error,659,865209069519313,10,95,65,0,0,3,1738915704,1,0,25,BT106003012MT00221017838,49,82,4db8e093-a366-437b-bb9b-55b017cf9f53
0,0,No Error,367,0,No Error,659,865209069519313,10,95,65,0,0,3,1738915734,1,0,25,BT106003012MT00221017838,49,82,4db8e093-a366-437b-bb9b-55b017cf9f53
0,0,No Error,367,0,No Error,659,865209069519313,10,95,65,0,0,3,1738915734,1,0,25,BT106003012MT00221017838,49,82,4db8e093-a366-437b-bb9b-55b017cf9f53
0,0,No Error,367,0,No Error,659,865209069519313,10,95,65,0,0,3,1738915734,1,0,25,BT106003012MT00221017838,49,82,4db8e093-a366-437b-bb9b-55b017cf9f53
0,0,No Error,367,0,No Error,659,865209069519313,10,95,65,0,0,3,1738915734,1,0,25,BT106003012MT00221017838,49,82,4db8e093-a366-437b-bb9b-55b017cf9f53
0,0,No Error,368,0,No Error,649,865209069519313,10,95,65,43,233,2,1738916691,1,282,25,BT106003012MT00221017838,41,83,4db8e093-a366-437b-bb9b-55b017cf9f53
0,0,No Error,368,0,No Error,649,865209069519313,10,95,65,43,233,2,1738916691,1,282,25,BT106003012MT00221017838,41,83,4db8e093-a366-437b-bb9b-55b017cf9f53
0,0,No Error,368,0,No Error,649,865209069519313,10,95,65,43,233,2,1738916691,1,282,25,BT106003012MT00221017838,41,83,4db8e093-a366-437b-bb9b-55b017cf9f53
0,0,No Error,368,0,No Error,649,865209069519313,10,95,65,43,233,2,1738916691,1,282,25,BT106003012MT00221017838,41,83,4db8e093-a366-437b-bb9b-55b017cf9f53
0,0,No Error,368,0,No Error,661,865209069519313,10,95,65,0,33,0,1738916721,1,234,25,BT106003012MT00221017838,42,83,4db8e093-a366-437b-bb9b-55b017cf9f53
0,0,No Error,368,0,No Error,661,865209069519313,10,95,65,0,33,0,1738916721,1,234,25,BT106003012MT00221017838,42,83,4db8e093-a366-437b-bb9b-55b017cf9f53
0,0,No Error,368,0,No Error,661,865209069519313,10,95,65,0,0,2,1738916751,1,0,25,BT106003012MT00221017838,42,83,4db8e093-a366-437b-bb9b-55b017cf9f53
0,0,No Error,368,0,No Error,661,865209069519313,10,95,65,0,0,2,1738916751,1,0,25,BT106003012MT00221017838,42,83,4db8e093-a366-437b-bb9b-55b017cf9f53
0,0,No Error,368,0,No Error,661,865209069519313,10,95,65,0,0,2,1738916781,1,0,25,BT106003012MT00221017838,42,82,4db8e093-a366-437b-bb9b-55b017cf9f53
0,0,No Error,368,0,No Error,661,865209069519313,10,95,65,0,0,2,1738916781,1,0,25,BT106003012MT00221017838,42,82,4db8e093-a366-437b-bb9b-55b017cf9f53
0,0,No Error,368,0,No Error,661,865209069519313,10,95,65,0,0,2,1738916811,1,0,25,BT106003012MT00221017838,42,82,4db8e093-a366-437b-bb9b-55b017cf9f53
0,0,No Error,368,0,No Error,661,865209069519313,10,95,65,0,0,2,1738916811,1,0,25,BT106003012MT00221017838,42,82,4db8e093-a366-437b-bb9b-55b017cf9f53
0,0,No Error,368,0,No Error,661,865209069519313,10,95,65,0,0,2,1738916841,1,0,25,BT106003012MT00221017838,42,82,4db8e093-a366-437b-bb9b-55b017cf9f53
0,0,No Error,368,0,No Error,661,865209069519313,10,95,65,0,0,2,1738916841,1,0,25,BT106003012MT00221017838,42,82,4db8e093-a366-437b-bb9b-55b017cf9f53
0,0,No Error,368,0,No Error,661,865209069519313,10,95,65,0,0,2,1738916841,1,0,25,BT106003012MT00221017838,42,82,4db8e093-a366-437b-bb9b-55b017cf9f53
0,0,No Error,368,0,No Error,661,865209069519313,10,95,65,0,0,2,1738916841,1,0,25,BT106003012MT00221017838,42,82,4db8e093-a366-437b-bb9b-55b017cf9f53
0,0,No Error,368,0,No Error,661,865209069519313,10,95,65,0,0,2,1738916871,1,0,25,BT106003012MT00221017838,42,82,4db8e093-a366-437b-bb9b-55b017cf9f53
0,0,No Error,368,0,No Error,661,865209069519313,10,95,65,0,0,2,1738916871,1,0,25,BT106003012MT00221017838,42,82,4db8e093-a366-437b-bb9b-55b017cf9f53
0,0,No Error,368,0,No Error,661,865209069519313,10,95,65,0,0,2,1738916901,1,0,25,BT106003012MT00221017838,42,82,4db8e093-a366-437b-bb9b-55b017cf9f53
0,0,No Error,368,0,No Error,661,865209069519313,10,95,65,0,0,2,1738916901,1,0,25,BT106003012MT00221017838,42,82,4db8e093-a366-437b-bb9b-55b017cf9f53
0,0,No Error,369,0,No Error,660,865209069519313,10,95,65,0,0,2,1738917532,1,0,25,BT106003012MT00221017838,39,83,4db8e093-a366-437b-bb9b-55b017cf9f53
0,0,No Error,369,0,No Error,660,865209069519313,10,95,65,0,0,2,1738917532,1,0,25,BT106003012MT00221017838,39,83,4db8e093-a366-437b-bb9b-55b017cf9f53
0,0,No Error,369,0,No Error,660,865209069519313,10,95,65,0,0,2,1738917532,1,0,25,BT106003012MT00221017838,39,83,4db8e093-a366-437b-bb9b-55b017cf9f53
0,0,No Error,369,0,No Error,660,865209069519313,10,95,65,0,0,2,1738917532,1,0,25,BT106003012MT00221017838,39,83,4db8e093-a366-437b-bb9b-55b017cf9f53
0,0,No Error,369,0,No Error,659,865209069519313,10,95,65,0,0,0,1738917562,1,0,25,BT106003012MT00221017838,42,83,4db8e093-a366-437b-bb9b-55b017cf9f53
0,0,No Error,369,0,No Error,659,865209069519313,10,95,65,0,0,0,1738917562,1,0,25,BT106003012MT00221017838,42,83,4db8e093-a366-437b-bb9b-55b017cf9f53
0,0,No Error,369,0,No Error,659,865209069519313,10,95,65,0,0,0,1738917562,1,0,25,BT106003012MT00221017838,42,83,4db8e093-a366-437b-bb9b-55b017cf9f53
0,0,No Error,369,0,No Error,659,865209069519313,10,95,65,0,0,0,1738917562,1,0,25,BT106003012MT00221017838,42,83,4db8e093-a366-437b-bb9b-55b017cf9f53
0,0,No Error,369,0,No Error,641,865209069519313,10,95,65,73,357,3,1738917592,1,426,25,BT106003012MT00221017838,44,83,4db8e093-a366-437b-bb9b-55b017cf9f53
0,0,No Error,369,0,No Error,641,865209069519313,10,95,65,73,357,3,1738917592,1,426,25,BT106003012MT00221017838,44,83,4db8e093-a366-437b-bb9b-55b017cf9f53
0,0,No Error,369,0,No Error,653,865209069519313,10,95,64,0,0,0,1738917622,1,36,25,BT106003012MT00221017838,46,83,4db8e093-a366-437b-bb9b-55b017cf9f53
0,0,No Error,369,0,No Error,653,865209069519313,10,95,64,0,0,0,1738917622,1,36,25,BT106003012MT00221017838,46,83,4db8e093-a366-437b-bb9b-55b017cf9f53
0,0,No Error,369,0,No Error,653,865209069519313,10,95,64,0,0,0,1738917622,1,36,25,BT106003012MT00221017838,46,83,4db8e093-a366-437b-bb9b-55b017cf9f53
0,0,No Error,369,0,No Error,653,865209069519313,10,95,64,0,0,0,1738917622,1,36,25,BT106003012MT00221017838,46,83,4db8e093-a366-437b-bb9b-55b017cf9f53
0,0,No Error,369,0,No Error,657,865209069519313,10,95,64,0,0,3,1738917652,1,0,25,BT106003012MT00221017838,46,82,4db8e093-a366-437b-bb9b-55b017cf9f53
0,0,No Error,369,0,No Error,657,865209069519313,10,95,64,0,0,3,1738917652,1,0,25,BT106003012MT00221017838,46,82,4db8e093-a366-437b-bb9b-55b017cf9f53
0,0,No Error,369,0,No Error,658,865209069519313,10,95,64,0,0,3,1738917682,1,0,25,BT106003012MT00221017838,46,82,4db8e093-a366-437b-bb9b-55b017cf9f53
0,0,No Error,369,0,No Error,658,865209069519313,10,95,64,0,0,3,1738917682,1,0,25,BT106003012MT00221017838,46,82,4db8e093-a366-437b-bb9b-55b017cf9f53
0,0,No Error,369,0,No Error,658,865209069519313,10,95,64,0,0,3,1738917682,1,0,25,BT106003012MT00221017838,46,82,4db8e093-a366-437b-bb9b-55b017cf9f53
0,0,No Error,369,0,No Error,658,865209069519313,10,95,64,0,0,3,1738917682,1,0,25,BT106003012MT00221017838,46,82,4db8e093-a366-437b-bb9b-55b017cf9f53
0,0,No Error,369,0,No Error,658,865209069519313,10,95,64,0,0,3,1738917712,1,0,25,BT106003012MT00221017838,46,82,4db8e093-a366-437b-bb9b-55b017cf9f53
0,0,No Error,369,0,No Error,658,865209069519313,10,95,64,0,0,3,1738917712,1,0,25,BT106003012MT00221017838,46,82,4db8e093-a366-437b-bb9b-55b017cf9f53
0,0,No Error,369,0,No Error,658,865209069519313,10,95,64,0,0,3,1738917712,1,0,25,BT106003012MT00221017838,46,82,4db8e093-a366-437b-bb9b-55b017cf9f53
0,0,No Error,369,0,No Error,658,865209069519313,10,95,64,0,0,3,1738917712,1,0,25,BT106003012MT00221017838,46,82,4db8e093-a366-437b-bb9b-55b017cf9f53
0,0,No Error,369,0,No Error,658,865209069519313,10,95,64,0,0,3,1738917742,1,0,25,BT106003012MT00221017838,46,82,4db8e093-a366-437b-bb9b-55b017cf9f53
0,0,No Error,369,0,No Error,658,865209069519313,10,95,64,0,0,3,1738917742,1,0,25,BT106003012MT00221017838,46,82,4db8e093-a366-437b-bb9b-55b017cf9f53
0,0,No Error,369,0,No Error,658,865209069519313,10,95,64,0,0,3,1738917742,1,0,25,BT106003012MT00221017838,46,82,4db8e093-a366-437b-bb9b-55b017cf9f53
0,0,No Error,369,0,No Error,658,865209069519313,10,95,64,0,0,3,1738917742,1,0,25,BT106003012MT00221017838,46,82,4db8e093-a366-437b-bb9b-55b017cf9f53
0,0,No Error,369,0,No Error,659,865209069519313,10,95,64,0,0,3,1738917772,1,0,25,BT106003012MT00221017838,46,82,4db8e093-a366-437b-bb9b-55b017cf9f53
0,0,No Error,369,0,No Error,659,865209069519313,10,95,64,0,0,3,1738917772,1,0,25,BT106003012MT00221017838,46,82,4db8e093-a366-437b-bb9b-55b017cf9f53
0,0,No Error,369,0,No Error,659,865209069519313,10,95,64,0,0,3,1738917802,1,0,25,BT106003012MT00221017838,46,82,4db8e093-a366-437b-bb9b-55b017cf9f53
0,0,No Error,369,0,No Error,659,865209069519313,10,95,64,0,0,3,1738917802,1,0,25,BT106003012MT00221017838,46,82,4db8e093-a366-437b-bb9b-55b017cf9f53
0,0,No Error,369,0,No Error,659,865209069519313,10,95,64,0,0,3,1738917802,1,0,25,BT106003012MT00221017838,46,82,4db8e093-a366-437b-bb9b-55b017cf9f53
0,0,No Error,369,0,No Error,659,865209069519313,10,95,64,0,0,3,1738917802,1,0,25,BT106003012MT00221017838,46,82,4db8e093-a366-437b-bb9b-55b017cf9f53
0,0,No Error,371,0,No Error,658,865209069519313,10,95,64,0,0,0,1738919008,1,78,25,BT106003012MT00221017838,40,83,4db8e093-a366-437b-bb9b-55b017cf9f53
0,0,No Error,371,0,No Error,658,865209069519313,10,95,64,0,0,0,1738919008,1,78,25,BT106003012MT00221017838,40,83,4db8e093-a366-437b-bb9b-55b017cf9f53
0,0,No Error,371,0,No Error,659,865209069519313,10,95,64,0,0,2,1738919038,1,0,25,BT106003012MT00221017838,40,82,4db8e093-a366-437b-bb9b-55b017cf9f53
0,0,No Error,371,0,No Error,659,865209069519313,10,95,64,0,0,2,1738919038,1,0,25,BT106003012MT00221017838,40,82,4db8e093-a366-437b-bb9b-55b017cf9f53
0,0,No Error,371,0,No Error,659,865209069519313,10,95,64,0,0,2,1738919038,1,0,25,BT106003012MT00221017838,40,82,4db8e093-a366-437b-bb9b-55b017cf9f53
0,0,No Error,371,0,No Error,659,865209069519313,10,95,64,0,0,2,1738919038,1,0,25,BT106003012MT00221017838,40,82,4db8e093-a366-437b-bb9b-55b017cf9f53
0,0,No Error,371,0,No Error,660,865209069519313,10,95,64,0,0,2,1738919068,1,0,25,BT106003012MT00221017838,40,82,4db8e093-a366-437b-bb9b-55b017cf9f53
0,0,No Error,371,0,No Error,660,865209069519313,10,95,64,0,0,2,1738919068,1,0,25,BT106003012MT00221017838,40,82,4db8e093-a366-437b-bb9b-55b017cf9f53
0,0,No Error,371,0,No Error,660,865209069519313,10,95,64,0,0,2,1738919068,1,0,25,BT106003012MT00221017838,40,82,4db8e093-a366-437b-bb9b-55b017cf9f53
0,0,No Error,371,0,No Error,660,865209069519313,10,95,64,0,0,2,1738919068,1,0,25,BT106003012MT00221017838,40,82,4db8e093-a366-437b-bb9b-55b017cf9f53
0,0,No Error,371,0,No Error,660,865209069519313,10,95,64,0,0,2,1738919098,1,0,25,BT106003012MT00221017838,40,82,4db8e093-a366-437b-bb9b-55b017cf9f53
0,0,No Error,371,0,No Error,660,865209069519313,10,95,64,0,0,2,1738919098,1,0,25,BT106003012MT00221017838,40,82,4db8e093-a366-437b-bb9b-55b017cf9f53
0,0,No Error,371,0,No Error,660,865209069519313,10,95,64,0,0,2,1738919128,1,0,25,BT106003012MT00221017838,40,82,4db8e093-a366-437b-bb9b-55b017cf9f53
0,0,No Error,371,0,No Error,660,865209069519313,10,95,64,0,0,2,1738919128,1,0,25,BT106003012MT00221017838,40,82,4db8e093-a366-437b-bb9b-55b017cf9f53
0,0,No Error,371,0,No Error,660,865209069519313,10,95,64,0,0,2,1738919158,1,0,25,BT106003012MT00221017838,40,82,4db8e093-a366-437b-bb9b-55b017cf9f53
0,0,No Error,371,0,No Error,660,865209069519313,10,95,64,0,0,2,1738919158,1,0,25,BT106003012MT00221017838,40,82,4db8e093-a366-437b-bb9b-55b017cf9f53
0,0,No Error,371,0,No Error,660,865209069519313,10,95,64,0,0,2,1738919188,1,0,25,BT106003012MT00221017838,40,82,4db8e093-a366-437b-bb9b-55b017cf9f53
0,0,No Error,371,0,No Error,660,865209069519313,10,95,64,0,0,2,1738919188,1,0,25,BT106003012MT00221017838,40,82,4db8e093-a366-437b-bb9b-55b017cf9f53
0,0,No Error,370,0,No Error,660,865209069519313,10,95,64,0,0,0,1738923095,1,0,25,BT106003012MT00221017838,35,83,4db8e093-a366-437b-bb9b-55b017cf9f53
0,0,No Error,370,0,No Error,660,865209069519313,10,95,64,0,0,0,1738923095,1,0,25,BT106003012MT00221017838,35,83,4db8e093-a366-437b-bb9b-55b017cf9f53
0,0,No Error,370,0,No Error,659,865209069519313,10,95,64,0,0,3,1738923126,1,0,25,BT106003012MT00221017838,39,82,4db8e093-a366-437b-bb9b-55b017cf9f53
0,0,No Error,370,0,No Error,659,865209069519313,10,95,64,0,0,3,1738923126,1,0,25,BT106003012MT00221017838,39,82,4db8e093-a366-437b-bb9b-55b017cf9f53
0,0,No Error,370,0,No Error,659,865209069519313,10,95,64,0,0,3,1738923126,1,0,25,BT106003012MT00221017838,39,82,4db8e093-a366-437b-bb9b-55b017cf9f53
0,0,No Error,370,0,No Error,659,865209069519313,10,95,64,0,0,3,1738923126,1,0,25,BT106003012MT00221017838,39,82,4db8e093-a366-437b-bb9b-55b017cf9f53
0,0,No Error,370,0,No Error,660,865209069519313,10,95,64,0,0,3,1738923156,1,0,25,BT106003012MT00221017838,39,82,4db8e093-a366-437b-bb9b-55b017cf9f53
0,0,No Error,370,0,No Error,660,865209069519313,10,95,64,0,0,3,1738923156,1,0,25,BT106003012MT00221017838,39,82,4db8e093-a366-437b-bb9b-55b017cf9f53
0,0,No Error,370,0,No Error,656,865209069519313,10,95,64,0,2,3,1738923186,1,426,25,BT106003012MT00221017838,40,83,4db8e093-a366-437b-bb9b-55b017cf9f53
0,0,No Error,370,0,No Error,656,865209069519313,10,95,64,0,2,3,1738923186,1,426,25,BT106003012MT00221017838,40,83,4db8e093-a366-437b-bb9b-55b017cf9f53
0,0,No Error,370,0,No Error,656,865209069519313,10,95,64,0,2,3,1738923186,1,426,25,BT106003012MT00221017838,40,83,4db8e093-a366-437b-bb9b-55b017cf9f53
0,0,No Error,370,0,No Error,656,865209069519313,10,95,64,0,2,3,1738923186,1,426,25,BT106003012MT00221017838,40,83,4db8e093-a366-437b-bb9b-55b017cf9f53
0,0,No Error,370,0,No Error,658,865209069519313,10,95,64,0,0,3,1738923216,1,0,25,BT106003012MT00221017838,40,82,4db8e093-a366-437b-bb9b-55b017cf9f53
0,0,No Error,370,0,No Error,658,865209069519313,10,95,64,0,0,3,1738923216,1,0,25,BT106003012MT00221017838,40,82,4db8e093-a366-437b-bb9b-55b017cf9f53
0,0,No Error,370,0,No Error,658,865209069519313,10,95,64,0,0,3,1738923216,1,0,25,BT106003012MT00221017838,40,82,4db8e093-a366-437b-bb9b-55b017cf9f53
0,0,No Error,370,0,No Error,658,865209069519313,10,95,64,0,0,3,1738923216,1,0,25,BT106003012MT00221017838,40,82,4db8e093-a366-437b-bb9b-55b017cf9f53
0,0,No Error,370,0,No Error,659,865209069519313,10,95,64,0,0,3,1738923246,1,0,25,BT106003012MT00221017838,40,82,4db8e093-a366-437b-bb9b-55b017cf9f53
0,0,No Error,370,0,No Error,659,865209069519313,10,95,64,0,0,3,1738923246,1,0,25,BT106003012MT00221017838,40,82,4db8e093-a366-437b-bb9b-55b017cf9f53
0,0,No Error,370,0,No Error,659,865209069519313,10,95,64,0,0,3,1738923246,1,0,25,BT106003012MT00221017838,40,82,4db8e093-a366-437b-bb9b-55b017cf9f53
0,0,No Error,370,0,No Error,659,865209069519313,10,95,64,0,0,3,1738923246,1,0,25,BT106003012MT00221017838,40,82,4db8e093-a366-437b-bb9b-55b017cf9f53
0,0,No Error,370,0,No Error,659,865209069519313,10,95,64,0,0,3,1738923276,1,0,25,BT106003012MT00221017838,40,82,4db8e093-a366-437b-bb9b-55b017cf9f53
0,0,No Error,370,0,No Error,659,865209069519313,10,95,64,0,0,3,1738923276,1,0,25,BT106003012MT00221017838,40,82,4db8e093-a366-437b-bb9b-55b017cf9f53
0,0,No Error,370,0,No Error,659,865209069519313,10,95,64,0,0,3,1738923276,1,0,25,BT106003012MT00221017838,40,82,4db8e093-a366-437b-bb9b-55b017cf9f53
0,0,No Error,370,0,No Error,659,865209069519313,10,95,64,0,0,3,1738923276,1,0,25,BT106003012MT00221017838,40,82,4db8e093-a366-437b-bb9b-55b017cf9f53
0,0,No Error,370,0,No Error,659,865209069519313,10,95,64,0,0,3,1738923306,1,0,25,BT106003012MT00221017838,40,82,4db8e093-a366-437b-bb9b-55b017cf9f53
0,0,No Error,370,0,No Error,659,865209069519313,10,95,64,0,0,3,1738923306,1,0,25,BT106003012MT00221017838,40,82,4db8e093-a366-437b-bb9b-55b017cf9f53
0,0,No Error,370,0,No Error,641,865209069519313,10,95,63,59,317,3,1738923336,1,402,25,BT106003012MT00221017838,40,83,4db8e093-a366-437b-bb9b-55b017cf9f53
0,0,No Error,370,0,No Error,641,865209069519313,10,95,63,59,317,3,1738923336,1,402,25,BT106003012MT00221017838,40,83,4db8e093-a366-437b-bb9b-55b017cf9f53
0,0,No Error,370,0,No Error,651,865209069519313,10,95,63,0,1,3,1738923366,1,432,25,BT106003012MT00221017838,41,83,4db8e093-a366-437b-bb9b-55b017cf9f53
0,0,No Error,370,0,No Error,651,865209069519313,10,95,63,0,1,3,1738923366,1,432,25,BT106003012MT00221017838,41,83,4db8e093-a366-437b-bb9b-55b017cf9f53
0,0,No Error,370,0,No Error,640,865209069519313,10,95,62,47,350,3,1738923396,1,402,25,BT106003012MT00221017838,43,83,4db8e093-a366-437b-bb9b-55b017cf9f53
0,0,No Error,370,0,No Error,640,865209069519313,10,95,62,47,350,3,1738923396,1,402,25,BT106003012MT00221017838,43,83,4db8e093-a366-437b-bb9b-55b017cf9f53
0,0,No Error,370,0,No Error,655,865209069519313,10,95,62,0,2,0,1738923426,1,0,25,BT106003012MT00221017838,43,83,4db8e093-a366-437b-bb9b-55b017cf9f53
0,0,No Error,370,0,No Error,655,865209069519313,10,95,62,0,2,0,1738923426,1,0,25,BT106003012MT00221017838,43,83,4db8e093-a366-437b-bb9b-55b017cf9f53
0,0,No Error,370,0,No Error,656,865209069519313,10,95,62,0,0,0,1738923456,1,0,25,BT106003012MT00221017838,43,82,4db8e093-a366-437b-bb9b-55b017cf9f53
0,0,No Error,370,0,No Error,656,865209069519313,10,95,62,0,0,0,1738923456,1,0,25,BT106003012MT00221017838,43,82,4db8e093-a366-437b-bb9b-55b017cf9f53
0,0,No Error,370,0,No Error,657,865209069519313,10,95,62,0,0,0,1738923486,1,0,25,BT106003012MT00221017838,43,82,4db8e093-a366-437b-bb9b-55b017cf9f53
0,0,No Error,370,0,No Error,657,865209069519313,10,95,62,0,0,0,1738923486,1,0,25,BT106003012MT00221017838,43,82,4db8e093-a366-437b-bb9b-55b017cf9f53
0,0,No Error,370,0,No Error,657,865209069519313,10,95,62,0,0,0,1738923516,1,0,25,BT106003012MT00221017838,43,82,4db8e093-a366-437b-bb9b-55b017cf9f53
0,0,No Error,370,0,No Error,657,865209069519313,10,95,62,0,0,0,1738923516,1,0,25,BT106003012MT00221017838,43,82,4db8e093-a366-437b-bb9b-55b017cf9f53
0,0,No Error,370,0,No Error,657,865209069519313,10,95,62,0,0,0,1738923516,1,0,25,BT106003012MT00221017838,43,82,4db8e093-a366-437b-bb9b-55b017cf9f53
0,0,No Error,370,0,No Error,657,865209069519313,10,95,62,0,0,0,1738923516,1,0,25,BT106003012MT00221017838,43,82,4db8e093-a366-437b-bb9b-55b017cf9f53
0,0,No Error,370,0,No Error,657,865209069519313,10,95,62,0,0,0,1738923546,1,0,25,BT106003012MT00221017838,43,82,4db8e093-a366-437b-bb9b-55b017cf9f53
0,0,No Error,370,0,No Error,657,865209069519313,10,95,62,0,0,0,1738923546,1,0,25,BT106003012MT00221017838,43,82,4db8e093-a366-437b-bb9b-55b017cf9f53
0,0,No Error,370,0,No Error,640,865209069519313,10,95,62,100,253,3,1738923576,1,456,25,BT106003012MT00221017838,44,83,4db8e093-a366-437b-bb9b-55b017cf9f53
0,0,No Error,370,0,No Error,640,865209069519313,10,95,62,100,253,3,1738923576,1,456,25,BT106003012MT00221017838,44,83,4db8e093-a366-437b-bb9b-55b017cf9f53
0,0,No Error,370,0,No Error,656,865209069519313,10,95,62,0,0,3,1738923606,1,0,25,BT106003012MT00221017838,44,82,4db8e093-a366-437b-bb9b-55b017cf9f53
0,0,No Error,370,0,No Error,656,865209069519313,10,95,62,0,0,3,1738923606,1,0,25,BT106003012MT00221017838,44,82,4db8e093-a366-437b-bb9b-55b017cf9f53
0,0,No Error,370,0,No Error,656,865209069519313,10,95,62,0,0,3,1738923606,1,0,25,BT106003012MT00221017838,44,82,4db8e093-a366-437b-bb9b-55b017cf9f53
0,0,No Error,370,0,No Error,656,865209069519313,10,95,62,0,0,3,1738923606,1,0,25,BT106003012MT00221017838,44,82,4db8e093-a366-437b-bb9b-55b017cf9f53
0,0,No Error,370,0,No Error,657,865209069519313,10,95,62,0,0,3,1738923636,1,0,25,BT106003012MT00221017838,44,82,4db8e093-a366-437b-bb9b-55b017cf9f53
0,0,No Error,370,0,No Error,657,865209069519313,10,95,62,0,0,3,1738923636,1,0,25,BT106003012MT00221017838,44,82,4db8e093-a366-437b-bb9b-55b017cf9f53
0,0,No Error,370,0,No Error,657,865209069519313,10,95,62,0,0,3,1738923636,1,0,25,BT106003012MT00221017838,44,82,4db8e093-a366-437b-bb9b-55b017cf9f53
0,0,No Error,370,0,No Error,657,865209069519313,10,95,62,0,0,3,1738923636,1,0,25,BT106003012MT00221017838,44,82,4db8e093-a366-437b-bb9b-55b017cf9f53
0,0,No Error,370,0,No Error,657,865209069519313,10,95,62,0,0,3,1738923666,1,0,25,BT106003012MT00221017838,44,82,4db8e093-a366-437b-bb9b-55b017cf9f53
0,0,No Error,370,0,No Error,657,865209069519313,10,95,62,0,0,3,1738923666,1,0,25,BT106003012MT00221017838,44,82,4db8e093-a366-437b-bb9b-55b017cf9f53
0,0,No Error,370,0,No Error,657,865209069519313,10,95,62,0,0,3,1738923696,1,0,25,BT106003012MT00221017838,44,82,4db8e093-a366-437b-bb9b-55b017cf9f53
0,0,No Error,370,0,No Error,657,865209069519313,10,95,62,0,0,3,1738923696,1,0,25,BT106003012MT00221017838,44,82,4db8e093-a366-437b-bb9b-55b017cf9f53
0,0,No Error,370,0,No Error,657,865209069519313,10,95,62,0,0,3,1738923696,1,0,25,BT106003012MT00221017838,44,82,4db8e093-a366-437b-bb9b-55b017cf9f53
0,0,No Error,370,0,No Error,657,865209069519313,10,95,62,0,0,3,1738923696,1,0,25,BT106003012MT00221017838,44,82,4db8e093-a366-437b-bb9b-55b017cf9f53
0,0,No Error,370,0,No Error,658,865209069519313,10,95,62,0,0,3,1738923727,1,0,25,BT106003012MT00221017838,44,82,4db8e093-a366-437b-bb9b-55b017cf9f53
0,0,No Error,370,0,No Error,658,865209069519313,10,95,62,0,0,3,1738923727,1,0,25,BT106003012MT00221017838,44,82,4db8e093-a366-437b-bb9b-55b017cf9f53
0,0,No Error,370,0,No Error,658,865209069519313,10,95,62,0,0,3,1738923757,1,0,25,BT106003012MT00221017838,44,82,4db8e093-a366-437b-bb9b-55b017cf9f53
0,0,No Error,370,0,No Error,658,865209069519313,10,95,62,0,0,3,1738923757,1,0,25,BT106003012MT00221017838,44,82,4db8e093-a366-437b-bb9b-55b017cf9f53
0,0,No Error,370,0,No Error,658,865209069519313,10,95,62,0,0,3,1738923757,1,0,25,BT106003012MT00221017838,44,82,4db8e093-a366-437b-bb9b-55b017cf9f53
0,0,No Error,370,0,No Error,658,865209069519313,10,95,62,0,0,3,1738923757,1,0,25,BT106003012MT00221017838,44,82,4db8e093-a366-437b-bb9b-55b017cf9f53
0,0,No Error,368,0,No Error,657,865209069519313,10,95,62,36,37,2,1738925030,1,6,25,BT106003012MT00221017838,37,83,4db8e093-a366-437b-bb9b-55b017cf9f53
0,0,No Error,368,0,No Error,657,865209069519313,10,95,62,36,37,2,1738925030,1,6,25,BT106003012MT00221017838,37,83,4db8e093-a366-437b-bb9b-55b017cf9f53
0,0,No Error,368,0,No Error,658,865209069519313,10,95,62,0,0,0,1738925060,1,0,25,BT106003012MT00221017838,39,83,4db8e093-a366-437b-bb9b-55b017cf9f53
0,0,No Error,368,0,No Error,658,865209069519313,10,95,62,0,0,0,1738925060,1,0,25,BT106003012MT00221017838,39,83,4db8e093-a366-437b-bb9b-55b017cf9f53
0,0,No Error,368,0,No Error,658,865209069519313,10,95,62,0,0,0,1738925060,1,0,25,BT106003012MT00221017838,39,83,4db8e093-a366-437b-bb9b-55b017cf9f53
0,0,No Error,368,0,No Error,658,865209069519313,10,95,62,0,0,0,1738925060,1,0,25,BT106003012MT00221017838,39,83,4db8e093-a366-437b-bb9b-55b017cf9f53
0,0,No Error,368,0,No Error,646,865209069519313,10,95,61,0,93,0,1738925090,1,420,25,BT106003012MT00221017838,43,83,4db8e093-a366-437b-bb9b-55b017cf9f53
0,0,No Error,368,0,No Error,646,865209069519313,10,95,61,0,93,0,1738925090,1,420,25,BT106003012MT00221017838,43,83,4db8e093-a366-437b-bb9b-55b017cf9f53
0,0,No Error,368,0,No Error,646,865209069519313,10,95,61,0,93,0,1738925090,1,420,25,BT106003012MT00221017838,43,83,4db8e093-a366-437b-bb9b-55b017cf9f53
0,0,No Error,368,0,No Error,646,865209069519313,10,95,61,0,93,0,1738925090,1,420,25,BT106003012MT00221017838,43,83,4db8e093-a366-437b-bb9b-55b017cf9f53
0,0,No Error,368,0,No Error,640,865209069519313,10,95,61,0,340,3,1738925120,1,390,25,BT106003012MT00221017838,44,83,4db8e093-a366-437b-bb9b-55b017cf9f53
0,0,No Error,368,0,No Error,640,865209069519313,10,95,61,0,340,3,1738925120,1,390,25,BT106003012MT00221017838,44,83,4db8e093-a366-437b-bb9b-55b017cf9f53
0,0,No Error,368,0,No Error,640,865209069519313,10,95,61,0,340,3,1738925120,1,390,25,BT106003012MT00221017838,44,83,4db8e093-a366-437b-bb9b-55b017cf9f53
0,0,No Error,368,0,No Error,640,865209069519313,10,95,61,0,340,3,1738925120,1,390,25,BT106003012MT00221017838,44,83,4db8e093-a366-437b-bb9b-55b017cf9f53
0,0,No Error,368,0,No Error,644,865209069519313,10,95,61,36,209,3,1738925150,1,300,25,BT106003012MT00221017838,45,83,4db8e093-a366-437b-bb9b-55b017cf9f53
0,0,No Error,368,0,No Error,644,865209069519313,10,95,61,36,209,3,1738925150,1,300,25,BT106003012MT00221017838,45,83,4db8e093-a366-437b-bb9b-55b017cf9f53
0,0,No Error,368,0,No Error,644,865209069519313,10,95,61,36,209,3,1738925150,1,300,25,BT106003012MT00221017838,45,83,4db8e093-a366-437b-bb9b-55b017cf9f53
0,0,No Error,368,0,No Error,644,865209069519313,10,95,61,36,209,3,1738925150,1,300,25,BT106003012MT00221017838,45,83,4db8e093-a366-437b-bb9b-55b017cf9f53
0,0,No Error,369,0,No Error,636,865209069519313,10,95,60,84,30,0,1738925180,1,342,25,BT106003012MT00221017838,48,83,4db8e093-a366-437b-bb9b-55b017cf9f53
0,0,No Error,369,0,No Error,636,865209069519313,10,95,60,84,30,0,1738925180,1,342,25,BT106003012MT00221017838,48,83,4db8e093-a366-437b-bb9b-55b017cf9f53
0,0,No Error,369,0,No Error,636,865209069519313,10,95,60,84,30,0,1738925180,1,342,25,BT106003012MT00221017838,48,83,4db8e093-a366-437b-bb9b-55b017cf9f53
0,0,No Error,369,0,No Error,636,865209069519313,10,95,60,84,30,0,1738925180,1,342,25,BT106003012MT00221017838,48,83,4db8e093-a366-437b-bb9b-55b017cf9f53
0,0,No Error,369,0,No Error,652,865209069519313,10,95,58,0,2,0,1738925210,1,0,25,BT106003012MT00221017838,50,83,4db8e093-a366-437b-bb9b-55b017cf9f53
0,0,No Error,369,0,No Error,652,865209069519313,10,95,58,0,2,0,1738925210,1,0,25,BT106003012MT00221017838,50,83,4db8e093-a366-437b-bb9b-55b017cf9f53
0,0,No Error,370,0,No Error,655,865209069519313,10,95,58,0,0,3,1738925240,1,0,25,BT106003012MT00221017838,50,82,4db8e093-a366-437b-bb9b-55b017cf9f53
0,0,No Error,370,0,No Error,655,865209069519313,10,95,58,0,0,3,1738925240,1,0,25,BT106003012MT00221017838,50,82,4db8e093-a366-437b-bb9b-55b017cf9f53
0,0,No Error,370,0,No Error,656,865209069519313,10,95,58,0,0,3,1738925270,1,0,25,BT106003012MT00221017838,50,82,4db8e093-a366-437b-bb9b-55b017cf9f53
0,0,No Error,370,0,No Error,656,865209069519313,10,95,58,0,0,3,1738925270,1,0,25,BT106003012MT00221017838,50,82,4db8e093-a366-437b-bb9b-55b017cf9f53
0,0,No Error,370,0,No Error,656,865209069519313,10,95,58,0,0,3,1738925300,1,0,25,BT106003012MT00221017838,50,82,4db8e093-a366-437b-bb9b-55b017cf9f53
0,0,No Error,370,0,No Error,656,865209069519313,10,95,58,0,0,3,1738925300,1,0,25,BT106003012MT00221017838,50,82,4db8e093-a366-437b-bb9b-55b017cf9f53
0,0,No Error,370,0,No Error,656,865209069519313,10,95,58,0,0,3,1738925300,1,0,25,BT106003012MT00221017838,50,82,4db8e093-a366-437b-bb9b-55b017cf9f53
0,0,No Error,370,0,No Error,656,865209069519313,10,95,58,0,0,3,1738925300,1,0,25,BT106003012MT00221017838,50,82,4db8e093-a366-437b-bb9b-55b017cf9f53
0,0,No Error,370,0,No Error,656,865209069519313,10,95,58,0,0,3,1738925330,1,0,25,BT106003012MT00221017838,50,82,4db8e093-a366-437b-bb9b-55b017cf9f53
0,0,No Error,370,0,No Error,656,865209069519313,10,95,58,0,0,3,1738925330,1,0,25,BT106003012MT00221017838,50,82,4db8e093-a366-437b-bb9b-55b017cf9f53
0,0,No Error,370,0,No Error,656,865209069519313,10,95,58,0,0,3,1738925330,1,0,25,BT106003012MT00221017838,50,82,4db8e093-a366-437b-bb9b-55b017cf9f53
0,0,No Error,370,0,No Error,656,865209069519313,10,95,58,0,0,3,1738925330,1,0,25,BT106003012MT00221017838,50,82,4db8e093-a366-437b-bb9b-55b017cf9f53
0,0,No Error,370,0,No Error,656,865209069519313,10,95,58,0,0,3,1738925360,1,0,25,BT106003012MT00221017838,50,82,4db8e093-a366-437b-bb9b-55b017cf9f53
0,0,No Error,370,0,No Error,656,865209069519313,10,95,58,0,0,3,1738925360,1,0,25,BT106003012MT00221017838,50,82,4db8e093-a366-437b-bb9b-55b017cf9f53
0,0,No Error,370,0,No Error,656,865209069519313,10,95,58,0,0,3,1738925360,1,0,25,BT106003012MT00221017838,50,82,4db8e093-a366-437b-bb9b-55b017cf9f53
0,0,No Error,370,0,No Error,656,865209069519313,10,95,58,0,0,3,1738925360,1,0,25,BT106003012MT00221017838,50,82,4db8e093-a366-437b-bb9b-55b017cf9f53
0,0,No Error,370,0,No Error,657,865209069519313,10,95,58,0,0,3,1738925390,1,0,25,BT106003012MT00221017838,50,82,4db8e093-a366-437b-bb9b-55b017cf9f53
0,0,No Error,370,0,No Error,657,865209069519313,10,95,58,0,0,3,1738925390,1,0,25,BT106003012MT00221017838,50,82,4db8e093-a366-437b-bb9b-55b017cf9f53
0,0,No Error,369,0,No Error,643,865209069519313,10,95,58,100,328,3,1738927070,1,180,25,BT106003012MT00221017838,39,83,4db8e093-a366-437b-bb9b-55b017cf9f53
0,0,No Error,369,0,No Error,643,865209069519313,10,95,58,100,328,3,1738927070,1,180,25,BT106003012MT00221017838,39,83,4db8e093-a366-437b-bb9b-55b017cf9f53
0,0,No Error,369,0,No Error,643,865209069519313,10,95,58,100,328,3,1738927070,1,180,25,BT106003012MT00221017838,39,83,4db8e093-a366-437b-bb9b-55b017cf9f53
0,0,No Error,369,0,No Error,643,865209069519313,10,95,58,100,328,3,1738927070,1,180,25,BT106003012MT00221017838,39,83,4db8e093-a366-437b-bb9b-55b017cf9f53
0,0,No Error,369,0,No Error,654,865209069519313,10,95,58,44,218,0,1738927100,1,264,25,BT106003012MT00221017838,43,83,4db8e093-a366-437b-bb9b-55b017cf9f53
0,0,No Error,369,0,No Error,654,865209069519313,10,95,58,44,218,0,1738927100,1,264,25,BT106003012MT00221017838,43,83,4db8e093-a366-437b-bb9b-55b017cf9f53
0,0,No Error,369,0,No Error,655,865209069519313,10,95,58,0,0,0,1738927130,1,0,25,BT106003012MT00221017838,44,82,4db8e093-a366-437b-bb9b-55b017cf9f53
0,0,No Error,369,0,No Error,655,865209069519313,10,95,58,0,0,0,1738927130,1,0,25,BT106003012MT00221017838,44,82,4db8e093-a366-437b-bb9b-55b017cf9f53
0,0,No Error,369,0,No Error,656,865209069519313,10,95,58,0,0,0,1738927160,1,0,25,BT106003012MT00221017838,44,82,4db8e093-a366-437b-bb9b-55b017cf9f53
0,0,No Error,369,0,No Error,656,865209069519313,10,95,58,0,0,0,1738927160,1,0,25,BT106003012MT00221017838,44,82,4db8e093-a366-437b-bb9b-55b017cf9f53
0,0,No Error,369,0,No Error,656,865209069519313,10,95,58,0,0,0,1738927160,1,0,25,BT106003012MT00221017838,44,82,4db8e093-a366-437b-bb9b-55b017cf9f53
0,0,No Error,369,0,No Error,656,865209069519313,10,95,58,0,0,0,1738927160,1,0,25,BT106003012MT00221017838,44,82,4db8e093-a366-437b-bb9b-55b017cf9f53
0,0,No Error,369,0,No Error,657,865209069519313,10,95,58,0,0,0,1738927190,1,0,25,BT106003012MT00221017838,44,82,4db8e093-a366-437b-bb9b-55b017cf9f53
0,0,No Error,369,0,No Error,657,865209069519313,10,95,58,0,0,0,1738927190,1,0,25,BT106003012MT00221017838,44,82,4db8e093-a366-437b-bb9b-55b017cf9f53
0,0,No Error,369,0,No Error,657,865209069519313,10,95,58,0,0,0,1738927190,1,0,25,BT106003012MT00221017838,44,82,4db8e093-a366-437b-bb9b-55b017cf9f53
0,0,No Error,369,0,No Error,657,865209069519313,10,95,58,0,0,0,1738927190,1,0,25,BT106003012MT00221017838,44,82,4db8e093-a366-437b-bb9b-55b017cf9f53
0,0,No Error,369,0,No Error,657,865209069519313,10,95,58,0,0,0,1738927220,1,0,25,BT106003012MT00221017838,44,82,4db8e093-a366-437b-bb9b-55b017cf9f53
0,0,No Error,369,0,No Error,657,865209069519313,10,95,58,0,0,0,1738927220,1,0,25,BT106003012MT00221017838,44,82,4db8e093-a366-437b-bb9b-55b017cf9f53
0,0,No Error,369,0,No Error,657,865209069519313,10,95,58,0,0,0,1738927220,1,0,25,BT106003012MT00221017838,44,82,4db8e093-a366-437b-bb9b-55b017cf9f53
0,0,No Error,369,0,No Error,657,865209069519313,10,95,58,0,0,0,1738927220,1,0,25,BT106003012MT00221017838,44,82,4db8e093-a366-437b-bb9b-55b017cf9f53
0,0,No Error,369,0,No Error,657,865209069519313,10,95,58,0,0,0,1738927250,1,0,25,BT106003012MT00221017838,44,82,4db8e093-a366-437b-bb9b-55b017cf9f53
0,0,No Error,369,0,No Error,657,865209069519313,10,95,58,0,0,0,1738927250,1,0,25,BT106003012MT00221017838,44,82,4db8e093-a366-437b-bb9b-55b017cf9f53
0,0,No Error,369,0,No Error,657,865209069519313,10,95,58,0,0,0,1738927250,1,0,25,BT106003012MT00221017838,44,82,4db8e093-a366-437b-bb9b-55b017cf9f53
0,0,No Error,369,0,No Error,657,865209069519313,10,95,58,0,0,0,1738927250,1,0,25,BT106003012MT00221017838,44,82,4db8e093-a366-437b-bb9b-55b017cf9f53
0,0,No Error,369,0,No Error,655,865209069519313,10,95,58,52,0,0,1738927280,1,120,25,BT106003012MT00221017838,42,83,4db8e093-a366-437b-bb9b-55b017cf9f53
0,0,No Error,369,0,No Error,655,865209069519313,10,95,58,52,0,0,1738927280,1,120,25,BT106003012MT00221017838,42,83,4db8e093-a366-437b-bb9b-55b017cf9f53
0,0,No Error,369,0,No Error,639,865209069519313,10,95,58,83,330,3,1738927310,1,324,25,BT106003012MT00221017838,44,83,4db8e093-a366-437b-bb9b-55b017cf9f53
0,0,No Error,369,0,No Error,639,865209069519313,10,95,58,83,330,3,1738927310,1,324,25,BT106003012MT00221017838,44,83,4db8e093-a366-437b-bb9b-55b017cf9f53
0,0,No Error,369,0,No Error,655,865209069519313,10,95,58,0,0,3,1738927340,1,24,25,BT106003012MT00221017838,45,82,4db8e093-a366-437b-bb9b-55b017cf9f53
0,0,No Error,369,0,No Error,655,865209069519313,10,95,58,0,0,3,1738927340,1,24,25,BT106003012MT00221017838,45,82,4db8e093-a366-437b-bb9b-55b017cf9f53
0,0,No Error,369,0,No Error,656,865209069519313,10,95,58,0,0,3,1738927370,1,24,25,BT106003012MT00221017838,45,82,4db8e093-a366-437b-bb9b-55b017cf9f53
0,0,No Error,369,0,No Error,656,865209069519313,10,95,58,0,0,3,1738927370,1,24,25,BT106003012MT00221017838,45,82,4db8e093-a366-437b-bb9b-55b017cf9f53
0,0,No Error,369,0,No Error,656,865209069519313,10,95,58,0,0,3,1738927370,1,24,25,BT106003012MT00221017838,45,82,4db8e093-a366-437b-bb9b-55b017cf9f53
0,0,No Error,369,0,No Error,656,865209069519313,10,95,58,0,0,3,1738927370,1,24,25,BT106003012MT00221017838,45,82,4db8e093-a366-437b-bb9b-55b017cf9f53
0,0,No Error,369,0,No Error,656,865209069519313,10,95,58,0,0,3,1738927400,1,24,25,BT106003012MT00221017838,45,82,4db8e093-a366-437b-bb9b-55b017cf9f53
0,0,No Error,369,0,No Error,656,865209069519313,10,95,58,0,0,3,1738927400,1,24,25,BT106003012MT00221017838,45,82,4db8e093-a366-437b-bb9b-55b017cf9f53
0,0,No Error,369,0,No Error,657,865209069519313,10,95,58,0,0,3,1738927430,1,24,25,BT106003012MT00221017838,45,82,4db8e093-a366-437b-bb9b-55b017cf9f53
0,0,No Error,369,0,No Error,657,865209069519313,10,95,58,0,0,3,1738927430,1,24,25,BT106003012MT00221017838,45,82,4db8e093-a366-437b-bb9b-55b017cf9f53
0,0,No Error,369,0,No Error,657,865209069519313,10,95,58,0,0,3,1738927430,1,24,25,BT106003012MT00221017838,45,82,4db8e093-a366-437b-bb9b-55b017cf9f53
0,0,No Error,369,0,No Error,657,865209069519313,10,95,58,0,0,3,1738927430,1,24,25,BT106003012MT00221017838,45,82,4db8e093-a366-437b-bb9b-55b017cf9f53
0,0,No Error,369,0,No Error,657,865209069519313,10,95,58,0,0,3,1738927460,1,24,25,BT106003012MT00221017838,45,82,4db8e093-a366-437b-bb9b-55b017cf9f53
0,0,No Error,369,0,No Error,657,865209069519313,10,95,58,0,0,3,1738927460,1,24,25,BT106003012MT00221017838,45,82,4db8e093-a366-437b-bb9b-55b017cf9f53
0,0,No Error,369,0,No Error,657,865209069519313,10,95,58,0,0,3,1738927490,1,24,25,BT106003012MT00221017838,45,82,4db8e093-a366-437b-bb9b-55b017cf9f53
0,0,No Error,369,0,No Error,657,865209069519313,10,95,58,0,0,3,1738927490,1,24,25,BT106003012MT00221017838,45,82,4db8e093-a366-437b-bb9b-55b017cf9f53
0,0,No Error,369,0,No Error,657,865209069519313,10,95,58,0,0,3,1738927490,1,24,25,BT106003012MT00221017838,45,82,4db8e093-a366-437b-bb9b-55b017cf9f53
0,0,No Error,369,0,No Error,657,865209069519313,10,95,58,0,0,3,1738927490,1,24,25,BT106003012MT00221017838,45,82,4db8e093-a366-437b-bb9b-55b017cf9f53
0,0,No Error,367,0,No Error,658,865209069519313,10,95,58,0,0,2,1738929046,1,0,25,BT106003012MT00221017838,36,83,4db8e093-a366-437b-bb9b-55b017cf9f53
0,0,No Error,367,0,No Error,658,865209069519313,10,95,58,0,0,2,1738929046,1,0,25,BT106003012MT00221017838,36,83,4db8e093-a366-437b-bb9b-55b017cf9f53
0,0,No Error,367,0,No Error,658,865209069519313,10,95,58,0,0,2,1738929046,1,0,25,BT106003012MT00221017838,36,83,4db8e093-a366-437b-bb9b-55b017cf9f53
0,0,No Error,367,0,No Error,658,865209069519313,10,95,58,0,0,2,1738929046,1,0,25,BT106003012MT00221017838,36,83,4db8e093-a366-437b-bb9b-55b017cf9f53
0,0,No Error,366,0,No Error,657,865209069519313,10,95,58,0,15,3,1738929076,1,144,25,BT106003012MT00221017838,37,83,4db8e093-a366-437b-bb9b-55b017cf9f53
0,0,No Error,366,0,No Error,657,865209069519313,10,95,58,0,15,3,1738929076,1,144,25,BT106003012MT00221017838,37,83,4db8e093-a366-437b-bb9b-55b017cf9f53
0,0,No Error,366,0,No Error,657,865209069519313,10,95,58,0,15,3,1738929076,1,144,25,BT106003012MT00221017838,37,83,4db8e093-a366-437b-bb9b-55b017cf9f53
0,0,No Error,366,0,No Error,657,865209069519313,10,95,58,0,15,3,1738929076,1,144,25,BT106003012MT00221017838,37,83,4db8e093-a366-437b-bb9b-55b017cf9f53
0,0,No Error,366,0,No Error,646,865209069519313,10,95,58,0,31,0,1738929106,1,390,25,BT106003012MT00221017838,39,83,4db8e093-a366-437b-bb9b-55b017cf9f53
0,0,No Error,366,0,No Error,646,865209069519313,10,95,58,0,31,0,1738929106,1,390,25,BT106003012MT00221017838,39,83,4db8e093-a366-437b-bb9b-55b017cf9f53
0,0,No Error,366,0,No Error,642,865209069519313,10,95,57,49,196,3,1738929136,1,468,25,BT106003012MT00221017838,42,83,4db8e093-a366-437b-bb9b-55b017cf9f53
0,0,No Error,366,0,No Error,642,865209069519313,10,95,57,49,196,3,1738929136,1,468,25,BT106003012MT00221017838,42,83,4db8e093-a366-437b-bb9b-55b017cf9f53
0,0,No Error,366,0,No Error,642,865209069519313,10,95,57,49,196,3,1738929136,1,468,25,BT106003012MT00221017838,42,83,4db8e093-a366-437b-bb9b-55b017cf9f53
0,0,No Error,366,0,No Error,642,865209069519313,10,95,57,49,196,3,1738929136,1,468,25,BT106003012MT00221017838,42,83,4db8e093-a366-437b-bb9b-55b017cf9f53
0,0,No Error,367,0,No Error,653,865209069519313,10,95,57,0,0,0,1738929166,1,78,25,BT106003012MT00221017838,42,83,4db8e093-a366-437b-bb9b-55b017cf9f53
0,0,No Error,367,0,No Error,653,865209069519313,10,95,57,0,0,0,1738929166,1,78,25,BT106003012MT00221017838,42,83,4db8e093-a366-437b-bb9b-55b017cf9f53
0,0,No Error,367,0,No Error,653,865209069519313,10,95,57,0,34,3,1738929196,1,65530,25,BT106003012MT00221017838,46,83,4db8e093-a366-437b-bb9b-55b017cf9f53
0,0,No Error,367,0,No Error,653,865209069519313,10,95,57,0,34,3,1738929196,1,65530,25,BT106003012MT00221017838,46,83,4db8e093-a366-437b-bb9b-55b017cf9f53
0,0,No Error,367,0,No Error,653,865209069519313,10,95,57,0,34,3,1738929196,1,65530,25,BT106003012MT00221017838,46,83,4db8e093-a366-437b-bb9b-55b017cf9f53
0,0,No Error,367,0,No Error,653,865209069519313,10,95,57,0,34,3,1738929196,1,65530,25,BT106003012MT00221017838,46,83,4db8e093-a366-437b-bb9b-55b017cf9f53
0,0,No Error,367,0,No Error,639,865209069519313,10,95,56,56,289,3,1738929226,1,264,25,BT106003012MT00221017838,48,83,4db8e093-a366-437b-bb9b-55b017cf9f53
0,0,No Error,367,0,No Error,639,865209069519313,10,95,56,56,289,3,1738929226,1,264,25,BT106003012MT00221017838,48,83,4db8e093-a366-437b-bb9b-55b017cf9f53
0,0,No Error,367,0,No Error,639,865209069519313,10,95,56,56,289,3,1738929226,1,264,25,BT106003012MT00221017838,48,83,4db8e093-a366-437b-bb9b-55b017cf9f53
0,0,No Error,367,0,No Error,639,865209069519313,10,95,56,56,289,3,1738929226,1,264,25,BT106003012MT00221017838,48,83,4db8e093-a366-437b-bb9b-55b017cf9f53
0,0,No Error,367,0,No Error,644,865209069519313,10,95,56,49,231,3,1738929256,1,204,25,BT106003012MT00221017838,49,83,4db8e093-a366-437b-bb9b-55b017cf9f53
0,0,No Error,367,0,No Error,644,865209069519313,10,95,56,49,231,3,1738929256,1,204,25,BT106003012MT00221017838,49,83,4db8e093-a366-437b-bb9b-55b017cf9f53
0,0,No Error,367,0,No Error,644,865209069519313,10,95,56,49,231,3,1738929256,1,204,25,BT106003012MT00221017838,49,83,4db8e093-a366-437b-bb9b-55b017cf9f53
0,0,No Error,367,0,No Error,644,865209069519313,10,95,56,49,231,3,1738929256,1,204,25,BT106003012MT00221017838,49,83,4db8e093-a366-437b-bb9b-55b017cf9f53
0,0,No Error,367,0,No Error,653,865209069519313,10,95,55,0,73,0,1738929286,1,354,25,BT106003012MT00221017838,51,83,4db8e093-a366-437b-bb9b-55b017cf9f53
0,0,No Error,367,0,No Error,653,865209069519313,10,95,55,0,73,0,1738929286,1,354,25,BT106003012MT00221017838,51,83,4db8e093-a366-437b-bb9b-55b017cf9f53
0,0,No Error,367,0,No Error,653,865209069519313,10,95,55,0,73,0,1738929286,1,354,25,BT106003012MT00221017838,51,83,4db8e093-a366-437b-bb9b-55b017cf9f53
0,0,No Error,367,0,No Error,653,865209069519313,10,95,55,0,73,0,1738929286,1,354,25,BT106003012MT00221017838,51,83,4db8e093-a366-437b-bb9b-55b017cf9f53
0,0,No Error,367,0,No Error,653,865209069519313,10,95,55,0,0,0,1738929316,1,0,25,BT106003012MT00221017838,51,82,4db8e093-a366-437b-bb9b-55b017cf9f53
0,0,No Error,367,0,No Error,653,865209069519313,10,95,55,0,0,0,1738929316,1,0,25,BT106003012MT00221017838,51,82,4db8e093-a366-437b-bb9b-55b017cf9f53
0,0,No Error,367,0,No Error,653,865209069519313,10,95,55,0,0,0,1738929316,1,0,25,BT106003012MT00221017838,51,82,4db8e093-a366-437b-bb9b-55b017cf9f53
0,0,No Error,367,0,No Error,653,865209069519313,10,95,55,0,0,0,1738929316,1,0,25,BT106003012MT00221017838,51,82,4db8e093-a366-437b-bb9b-55b017cf9f53
0,0,No Error,367,0,No Error,655,865209069519313,10,95,55,0,0,0,1738929346,1,0,25,BT106003012MT00221017838,51,82,4db8e093-a366-437b-bb9b-55b017cf9f53
0,0,No Error,367,0,No Error,655,865209069519313,10,95,55,0,0,0,1738929346,1,0,25,BT106003012MT00221017838,51,82,4db8e093-a366-437b-bb9b-55b017cf9f53
0,0,No Error,367,0,No Error,655,865209069519313,10,95,55,0,0,0,1738929346,1,0,25,BT106003012MT00221017838,51,82,4db8e093-a366-437b-bb9b-55b017cf9f53
0,0,No Error,367,0,No Error,655,865209069519313,10,95,55,0,0,0,1738929346,1,0,25,BT106003012MT00221017838,51,82,4db8e093-a366-437b-bb9b-55b017cf9f53
0,0,No Error,367,0,No Error,655,865209069519313,10,95,55,0,0,0,1738929376,1,0,25,BT106003012MT00221017838,51,82,4db8e093-a366-437b-bb9b-55b017cf9f53
0,0,No Error,367,0,No Error,655,865209069519313,10,95,55,0,0,0,1738929376,1,0,25,BT106003012MT00221017838,51,82,4db8e093-a366-437b-bb9b-55b017cf9f53
0,0,No Error,367,0,No Error,656,865209069519313,10,95,55,0,0,0,1738929406,1,0,25,BT106003012MT00221017838,51,82,4db8e093-a366-437b-bb9b-55b017cf9f53
0,0,No Error,367,0,No Error,656,865209069519313,10,95,55,0,0,0,1738929406,1,0,25,BT106003012MT00221017838,51,82,4db8e093-a366-437b-bb9b-55b017cf9f53
0,0,No Error,367,0,No Error,656,865209069519313,10,95,55,0,0,0,1738929406,1,0,25,BT106003012MT00221017838,51,82,4db8e093-a366-437b-bb9b-55b017cf9f53
0,0,No Error,367,0,No Error,656,865209069519313,10,95,55,0,0,0,1738929406,1,0,25,BT106003012MT00221017838,51,82,4db8e093-a366-437b-bb9b-55b017cf9f53
0,0,No Error,367,0,No Error,655,865209069519313,10,95,55,0,0,0,1738929436,1,0,25,BT106003012MT00221017838,45,83,4db8e093-a366-437b-bb9b-55b017cf9f53
0,0,No Error,367,0,No Error,655,865209069519313,10,95,55,0,0,0,1738929436,1,0,25,BT106003012MT00221017838,45,83,4db8e093-a366-437b-bb9b-55b017cf9f53
0,0,No Error,367,0,No Error,655,865209069519313,10,95,55,0,0,0,1738929436,1,0,25,BT106003012MT00221017838,45,83,4db8e093-a366-437b-bb9b-55b017cf9f53
0,0,No Error,367,0,No Error,655,865209069519313,10,95,55,0,0,0,1738929436,1,0,25,BT106003012MT00221017838,45,83,4db8e093-a366-437b-bb9b-55b017cf9f53
0,0,No Error,367,0,No Error,644,865209069519313,10,95,54,100,165,3,1738929466,1,480,25,BT106003012MT00221017838,50,83,4db8e093-a366-437b-bb9b-55b017cf9f53
0,0,No Error,367,0,No Error,644,865209069519313,10,95,54,100,165,3,1738929466,1,480,25,BT106003012MT00221017838,50,83,4db8e093-a366-437b-bb9b-55b017cf9f53
0,0,No Error,367,0,No Error,644,865209069519313,10,95,54,100,165,3,1738929466,1,480,25,BT106003012MT00221017838,50,83,4db8e093-a366-437b-bb9b-55b017cf9f53
0,0,No Error,367,0,No Error,644,865209069519313,10,95,54,100,165,3,1738929466,1,480,25,BT106003012MT00221017838,50,83,4db8e093-a366-437b-bb9b-55b017cf9f53
0,0,No Error,367,0,No Error,645,865209069519313,10,95,54,79,232,3,1738929496,1,120,25,BT106003012MT00221017838,50,83,4db8e093-a366-437b-bb9b-55b017cf9f53
0,0,No Error,367,0,No Error,645,865209069519313,10,95,54,79,232,3,1738929496,1,120,25,BT106003012MT00221017838,50,83,4db8e093-a366-437b-bb9b-55b017cf9f53
0,0,No Error,367,0,No Error,638,865209069519313,10,95,54,98,317,3,1738929526,1,252,25,BT106003012MT00221017838,54,83,4db8e093-a366-437b-bb9b-55b017cf9f53
0,0,No Error,367,0,No Error,638,865209069519313,10,95,54,98,317,3,1738929526,1,252,25,BT106003012MT00221017838,54,83,4db8e093-a366-437b-bb9b-55b017cf9f53
0,0,No Error,367,0,No Error,653,865209069519313,10,95,52,98,13,3,1738929556,1,168,25,BT106003012MT00221017838,54,83,4db8e093-a366-437b-bb9b-55b017cf9f53
0,0,No Error,367,0,No Error,653,865209069519313,10,95,52,98,13,3,1738929556,1,168,25,BT106003012MT00221017838,54,83,4db8e093-a366-437b-bb9b-55b017cf9f53
0,0,No Error,367,0,No Error,653,865209069519313,10,95,52,98,13,3,1738929556,1,168,25,BT106003012MT00221017838,54,83,4db8e093-a366-437b-bb9b-55b017cf9f53
0,0,No Error,367,0,No Error,653,865209069519313,10,95,52,98,13,3,1738929556,1,168,25,BT106003012MT00221017838,54,83,4db8e093-a366-437b-bb9b-55b017cf9f53
0,0,No Error,367,0,No Error,654,865209069519313,10,95,52,0,0,3,1738929586,1,0,25,BT106003012MT00221017838,56,83,4db8e093-a366-437b-bb9b-55b017cf9f53
0,0,No Error,367,0,No Error,654,865209069519313,10,95,52,0,0,3,1738929586,1,0,25,BT106003012MT00221017838,56,83,4db8e093-a366-437b-bb9b-55b017cf9f53
0,0,No Error,367,0,No Error,654,865209069519313,10,95,52,0,0,3,1738929586,1,0,25,BT106003012MT00221017838,56,83,4db8e093-a366-437b-bb9b-55b017cf9f53
0,0,No Error,367,0,No Error,654,865209069519313,10,95,52,0,0,3,1738929586,1,0,25,BT106003012MT00221017838,56,83,4db8e093-a366-437b-bb9b-55b017cf9f53
0,0,No Error,367,0,No Error,655,865209069519313,10,95,52,0,0,3,1738929616,1,0,25,BT106003012MT00221017838,56,83,4db8e093-a366-437b-bb9b-55b017cf9f53
0,0,No Error,367,0,No Error,655,865209069519313,10,95,52,0,0,3,1738929616,1,0,25,BT106003012MT00221017838,56,83,4db8e093-a366-437b-bb9b-55b017cf9f53
0,0,No Error,367,0,No Error,656,865209069519313,10,95,52,0,0,3,1738929646,1,0,25,BT106003012MT00221017838,56,82,4db8e093-a366-437b-bb9b-55b017cf9f53
0,0,No Error,367,0,No Error,656,865209069519313,10,95,52,0,0,3,1738929646,1,0,25,BT106003012MT00221017838,56,82,4db8e093-a366-437b-bb9b-55b017cf9f53
0,0,No Error,367,0,No Error,643,865209069519313,10,95,52,0,0,0,1738929677,1,198,25,BT106003012MT00221017838,51,83,4db8e093-a366-437b-bb9b-55b017cf9f53
0,0,No Error,367,0,No Error,643,865209069519313,10,95,52,0,0,0,1738929677,1,198,25,BT106003012MT00221017838,51,83,4db8e093-a366-437b-bb9b-55b017cf9f53
0,0,No Error,367,0,No Error,643,865209069519313,10,95,52,0,0,0,1738929677,1,198,25,BT106003012MT00221017838,51,83,4db8e093-a366-437b-bb9b-55b017cf9f53
0,0,No Error,367,0,No Error,643,865209069519313,10,95,52,0,0,0,1738929677,1,198,25,BT106003012MT00221017838,51,83,4db8e093-a366-437b-bb9b-55b017cf9f53
0,0,No Error,367,0,No Error,641,865209069519313,10,95,52,34,272,3,1738929707,1,432,25,BT106003012MT00221017838,54,83,4db8e093-a366-437b-bb9b-55b017cf9f53
0,0,No Error,367,0,No Error,641,865209069519313,10,95,52,34,272,3,1738929707,1,432,25,BT106003012MT00221017838,54,83,4db8e093-a366-437b-bb9b-55b017cf9f53
0,0,No Error,367,0,No Error,641,865209069519313,10,95,52,34,272,3,1738929707,1,432,25,BT106003012MT00221017838,54,83,4db8e093-a366-437b-bb9b-55b017cf9f53
0,0,No Error,367,0,No Error,641,865209069519313,10,95,52,34,272,3,1738929707,1,432,25,BT106003012MT00221017838,54,83,4db8e093-a366-437b-bb9b-55b017cf9f53
0,0,No Error,368,0,No Error,648,865209069519313,10,95,52,62,231,3,1738929737,1,444,25,BT106003012MT00221017838,55,83,4db8e093-a366-437b-bb9b-55b017cf9f53
0,0,No Error,368,0,No Error,648,865209069519313,10,95,52,62,231,3,1738929737,1,444,25,BT106003012MT00221017838,55,83,4db8e093-a366-437b-bb9b-55b017cf9f53
0,0,No Error,368,0,No Error,635,865209069519313,10,95,51,100,323,3,1738929767,1,264,25,BT106003012MT00221017838,59,83,4db8e093-a366-437b-bb9b-55b017cf9f53
0,0,No Error,368,0,No Error,635,865209069519313,10,95,51,100,323,3,1738929767,1,264,25,BT106003012MT00221017838,59,83,4db8e093-a366-437b-bb9b-55b017cf9f53
0,0,No Error,368,0,No Error,635,865209069519313,10,95,51,100,323,3,1738929767,1,264,25,BT106003012MT00221017838,59,83,4db8e093-a366-437b-bb9b-55b017cf9f53
0,0,No Error,368,0,No Error,635,865209069519313,10,95,51,100,323,3,1738929767,1,264,25,BT106003012MT00221017838,59,83,4db8e093-a366-437b-bb9b-55b017cf9f53
0,0,No Error,368,0,No Error,653,865209069519313,10,95,51,0,2,0,1738929797,1,0,25,BT106003012MT00221017838,60,83,4db8e093-a366-437b-bb9b-55b017cf9f53
0,0,No Error,368,0,No Error,653,865209069519313,10,95,51,0,2,0,1738929797,1,0,25,BT106003012MT00221017838,60,83,4db8e093-a366-437b-bb9b-55b017cf9f53
0,0,No Error,368,0,No Error,653,865209069519313,10,95,51,0,2,0,1738929797,1,0,25,BT106003012MT00221017838,60,83,4db8e093-a366-437b-bb9b-55b017cf9f53
0,0,No Error,368,0,No Error,653,865209069519313,10,95,51,0,2,0,1738929797,1,0,25,BT106003012MT00221017838,60,83,4db8e093-a366-437b-bb9b-55b017cf9f53
0,0,No Error,368,0,No Error,655,865209069519313,10,95,51,0,0,0,1738929827,1,0,25,BT106003012MT00221017838,60,83,4db8e093-a366-437b-bb9b-55b017cf9f53
0,0,No Error,368,0,No Error,655,865209069519313,10,95,51,0,0,0,1738929827,1,0,25,BT106003012MT00221017838,60,83,4db8e093-a366-437b-bb9b-55b017cf9f53
0,0,No Error,368,0,No Error,655,865209069519313,10,95,51,0,0,0,1738929827,1,0,25,BT106003012MT00221017838,60,83,4db8e093-a366-437b-bb9b-55b017cf9f53
0,0,No Error,368,0,No Error,655,865209069519313,10,95,51,0,0,0,1738929827,1,0,25,BT106003012MT00221017838,60,83,4db8e093-a366-437b-bb9b-55b017cf9f53
0,0,No Error,368,0,No Error,656,865209069519313,10,95,51,0,0,0,1738929857,1,0,25,BT106003012MT00221017838,60,83,4db8e093-a366-437b-bb9b-55b017cf9f53
0,0,No Error,368,0,No Error,656,865209069519313,10,95,51,0,0,0,1738929857,1,0,25,BT106003012MT00221017838,60,83,4db8e093-a366-437b-bb9b-55b017cf9f53
0,0,No Error,368,0,No Error,656,865209069519313,10,95,51,0,0,0,1738929857,1,0,25,BT106003012MT00221017838,60,83,4db8e093-a366-437b-bb9b-55b017cf9f53
0,0,No Error,368,0,No Error,656,865209069519313,10,95,51,0,0,0,1738929857,1,0,25,BT106003012MT00221017838,60,83,4db8e093-a366-437b-bb9b-55b017cf9f53
0,0,No Error,368,0,No Error,656,865209069519313,10,95,51,0,0,0,1738929887,1,0,25,BT106003012MT00221017838,60,82,4db8e093-a366-437b-bb9b-55b017cf9f53
0,0,No Error,368,0,No Error,656,865209069519313,10,95,51,0,0,0,1738929887,1,0,25,BT106003012MT00221017838,60,82,4db8e093-a366-437b-bb9b-55b017cf9f53
0,0,No Error,368,0,No Error,656,865209069519313,10,95,51,0,0,0,1738929917,1,0,25,BT106003012MT00221017838,60,82,4db8e093-a366-437b-bb9b-55b017cf9f53
0,0,No Error,368,0,No Error,656,865209069519313,10,95,51,0,0,0,1738929917,1,0,25,BT106003012MT00221017838,60,82,4db8e093-a366-437b-bb9b-55b017cf9f53
0,0,No Error,368,0,No Error,656,865209069519313,10,95,51,0,0,0,1738929917,1,0,25,BT106003012MT00221017838,60,82,4db8e093-a366-437b-bb9b-55b017cf9f53
0,0,No Error,368,0,No Error,656,865209069519313,10,95,51,0,0,0,1738929917,1,0,25,BT106003012MT00221017838,60,82,4db8e093-a366-437b-bb9b-55b017cf9f53
0,0,No Error,368,0,No Error,656,865209069519313,10,95,51,0,0,0,1738929947,1,0,25,BT106003012MT00221017838,60,82,4db8e093-a366-437b-bb9b-55b017cf9f53
0,0,No Error,368,0,No Error,656,865209069519313,10,95,51,0,0,0,1738929947,1,0,25,BT106003012MT00221017838,60,82,4db8e093-a366-437b-bb9b-55b017cf9f53
0,0,No Error,368,0,No Error,656,865209069519313,10,95,51,0,0,0,1738929947,1,0,25,BT106003012MT00221017838,60,82,4db8e093-a366-437b-bb9b-55b017cf9f53
0,0,No Error,368,0,No Error,656,865209069519313,10,95,51,0,0,0,1738929947,1,0,25,BT106003012MT00221017838,60,82,4db8e093-a366-437b-bb9b-55b017cf9f53
0,0,No Error,365,0,No Error,657,865209069519313,10,95,51,0,0,0,1738931162,1,0,25,BT106003012MT00221017838,40,83,4db8e093-a366-437b-bb9b-55b017cf9f53
0,0,No Error,365,0,No Error,657,865209069519313,10,95,51,0,0,0,1738931162,1,0,25,BT106003012MT00221017838,40,83,4db8e093-a366-437b-bb9b-55b017cf9f53
0,0,No Error,365,0,No Error,657,865209069519313,10,95,51,0,0,0,1738931162,1,0,25,BT106003012MT00221017838,40,83,4db8e093-a366-437b-bb9b-55b017cf9f53
0,0,No Error,365,0,No Error,657,865209069519313,10,95,51,0,0,0,1738931162,1,0,25,BT106003012MT00221017838,40,83,4db8e093-a366-437b-bb9b-55b017cf9f53
0,0,No Error,365,0,No Error,660,865209069519313,10,95,51,0,79,3,1738931192,1,372,25,BT106003012MT00221017838,43,83,4db8e093-a366-437b-bb9b-55b017cf9f53
0,0,No Error,365,0,No Error,660,865209069519313,10,95,51,0,79,3,1738931192,1,372,25,BT106003012MT00221017838,43,83,4db8e093-a366-437b-bb9b-55b017cf9f53
0,0,No Error,365,0,No Error,657,865209069519313,10,95,51,49,25,3,1738931222,1,186,25,BT106003012MT00221017838,44,83,4db8e093-a366-437b-bb9b-55b017cf9f53
0,0,No Error,365,0,No Error,657,865209069519313,10,95,51,49,25,3,1738931222,1,186,25,BT106003012MT00221017838,44,83,4db8e093-a366-437b-bb9b-55b017cf9f53
0,0,No Error,365,0,No Error,654,865209069519313,10,95,50,0,89,0,1738931252,1,396,25,BT106003012MT00221017838,47,83,4db8e093-a366-437b-bb9b-55b017cf9f53
0,0,No Error,365,0,No Error,654,865209069519313,10,95,50,0,89,0,1738931252,1,396,25,BT106003012MT00221017838,47,83,4db8e093-a366-437b-bb9b-55b017cf9f53
0,0,No Error,365,0,No Error,654,865209069519313,10,95,50,0,89,0,1738931252,1,396,25,BT106003012MT00221017838,47,83,4db8e093-a366-437b-bb9b-55b017cf9f53
0,0,No Error,365,0,No Error,654,865209069519313,10,95,50,0,89,0,1738931252,1,396,25,BT106003012MT00221017838,47,83,4db8e093-a366-437b-bb9b-55b017cf9f53
0,0,No Error,365,0,No Error,637,865209069519313,10,95,49,50,341,3,1738931282,1,384,25,BT106003012MT00221017838,48,83,4db8e093-a366-437b-bb9b-55b017cf9f53
0,0,No Error,365,0,No Error,637,865209069519313,10,95,49,50,341,3,1738931282,1,384,25,BT106003012MT00221017838,48,83,4db8e093-a366-437b-bb9b-55b017cf9f53
0,0,No Error,365,0,No Error,652,865209069519313,10,95,49,0,44,0,1738931312,1,282,25,BT106003012MT00221017838,49,83,4db8e093-a366-437b-bb9b-55b017cf9f53
0,0,No Error,365,0,No Error,652,865209069519313,10,95,49,0,44,0,1738931312,1,282,25,BT106003012MT00221017838,49,83,4db8e093-a366-437b-bb9b-55b017cf9f53
0,0,No Error,366,0,No Error,644,865209069519313,10,95,49,26,15,0,1738931342,1,354,25,BT106003012MT00221017838,52,83,4db8e093-a366-437b-bb9b-55b017cf9f53
0,0,No Error,366,0,No Error,644,865209069519313,10,95,49,26,15,0,1738931342,1,354,25,BT106003012MT00221017838,52,83,4db8e093-a366-437b-bb9b-55b017cf9f53
0,0,No Error,366,0,No Error,644,865209069519313,10,95,49,26,15,0,1738931342,1,354,25,BT106003012MT00221017838,52,83,4db8e093-a366-437b-bb9b-55b017cf9f53
0,0,No Error,366,0,No Error,644,865209069519313,10,95,49,26,15,0,1738931342,1,354,25,BT106003012MT00221017838,52,83,4db8e093-a366-437b-bb9b-55b017cf9f53
0,0,No Error,366,0,No Error,653,865209069519313,10,95,49,26,22,0,1738931372,1,6,25,BT106003012MT00221017838,51,83,4db8e093-a366-437b-bb9b-55b017cf9f53
0,0,No Error,366,0,No Error,653,865209069519313,10,95,49,26,22,0,1738931372,1,6,25,BT106003012MT00221017838,51,83,4db8e093-a366-437b-bb9b-55b017cf9f53
0,0,No Error,366,0,No Error,653,865209069519313,10,95,49,26,22,0,1738931372,1,6,25,BT106003012MT00221017838,51,83,4db8e093-a366-437b-bb9b-55b017cf9f53
0,0,No Error,366,0,No Error,653,865209069519313,10,95,49,26,22,0,1738931372,1,6,25,BT106003012MT00221017838,51,83,4db8e093-a366-437b-bb9b-55b017cf9f53
0,0,No Error,366,0,No Error,655,865209069519313,10,95,48,0,0,3,1738931402,1,0,25,BT106003012MT00221017838,50,83,4db8e093-a366-437b-bb9b-55b017cf9f53
0,0,No Error,366,0,No Error,655,865209069519313,10,95,48,0,0,3,1738931402,1,0,25,BT106003012MT00221017838,50,83,4db8e093-a366-437b-bb9b-55b017cf9f53
0,0,No Error,366,0,No Error,655,865209069519313,10,95,48,0,0,3,1738931402,1,0,25,BT106003012MT00221017838,50,83,4db8e093-a366-437b-bb9b-55b017cf9f53
0,0,No Error,366,0,No Error,655,865209069519313,10,95,48,0,0,3,1738931402,1,0,25,BT106003012MT00221017838,50,83,4db8e093-a366-437b-bb9b-55b017cf9f53
0,0,No Error,366,0,No Error,640,865209069519313,10,95,48,100,333,3,1738931432,1,282,25,BT106003012MT00221017838,49,83,4db8e093-a366-437b-bb9b-55b017cf9f53
0,0,No Error,366,0,No Error,640,865209069519313,10,95,48,100,333,3,1738931432,1,282,25,BT106003012MT00221017838,49,83,4db8e093-a366-437b-bb9b-55b017cf9f53
0,0,No Error,366,0,No Error,649,865209069519313,10,95,48,81,252,3,1738931462,1,126,25,BT106003012MT00221017838,51,83,4db8e093-a366-437b-bb9b-55b017cf9f53
0,0,No Error,366,0,No Error,649,865209069519313,10,95,48,81,252,3,1738931462,1,126,25,BT106003012MT00221017838,51,83,4db8e093-a366-437b-bb9b-55b017cf9f53
0,0,No Error,366,0,No Error,649,865209069519313,10,95,48,81,252,3,1738931462,1,126,25,BT106003012MT00221017838,51,83,4db8e093-a366-437b-bb9b-55b017cf9f53
0,0,No Error,366,0,No Error,649,865209069519313,10,95,48,81,252,3,1738931462,1,126,25,BT106003012MT00221017838,51,83,4db8e093-a366-437b-bb9b-55b017cf9f53
0,0,No Error,366,0,No Error,638,865209069519313,10,95,48,75,324,0,1738931492,1,234,25,BT106003012MT00221017838,53,83,4db8e093-a366-437b-bb9b-55b017cf9f53
0,0,No Error,366,0,No Error,638,865209069519313,10,95,48,75,324,0,1738931492,1,234,25,BT106003012MT00221017838,53,83,4db8e093-a366-437b-bb9b-55b017cf9f53
0,0,No Error,366,0,No Error,653,865209069519313,10,95,47,0,31,0,1738931522,1,228,25,BT106003012MT00221017838,54,83,4db8e093-a366-437b-bb9b-55b017cf9f53
0,0,No Error,366,0,No Error,653,865209069519313,10,95,47,0,31,0,1738931522,1,228,25,BT106003012MT00221017838,54,83,4db8e093-a366-437b-bb9b-55b017cf9f53
0,0,No Error,366,0,No Error,653,865209069519313,10,95,47,0,31,0,1738931522,1,228,25,BT106003012MT00221017838,54,83,4db8e093-a366-437b-bb9b-55b017cf9f53
0,0,No Error,366,0,No Error,653,865209069519313,10,95,47,0,31,0,1738931522,1,228,25,BT106003012MT00221017838,54,83,4db8e093-a366-437b-bb9b-55b017cf9f53
0,0,No Error,366,0,No Error,652,865209069519313,10,95,47,26,0,3,1738931552,1,324,25,BT106003012MT00221017838,55,83,4db8e093-a366-437b-bb9b-55b017cf9f53
0,0,No Error,366,0,No Error,652,865209069519313,10,95,47,26,0,3,1738931552,1,324,25,BT106003012MT00221017838,55,83,4db8e093-a366-437b-bb9b-55b017cf9f53
0,0,No Error,366,0,No Error,652,865209069519313,10,95,47,26,0,3,1738931552,1,324,25,BT106003012MT00221017838,55,83,4db8e093-a366-437b-bb9b-55b017cf9f53
0,0,No Error,366,0,No Error,652,865209069519313,10,95,47,26,0,3,1738931552,1,324,25,BT106003012MT00221017838,55,83,4db8e093-a366-437b-bb9b-55b017cf9f53
0,0,No Error,366,0,No Error,650,865209069519313,10,95,47,0,2,3,1738931582,1,252,25,BT106003012MT00221017838,54,83,4db8e093-a366-437b-bb9b-55b017cf9f53
0,0,No Error,366,0,No Error,650,865209069519313,10,95,47,0,2,3,1738931582,1,252,25,BT106003012MT00221017838,54,83,4db8e093-a366-437b-bb9b-55b017cf9f53
0,0,No Error,366,0,No Error,650,865209069519313,10,95,47,0,2,3,1738931582,1,252,25,BT106003012MT00221017838,54,83,4db8e093-a366-437b-bb9b-55b017cf9f53
0,0,No Error,366,0,No Error,650,865209069519313,10,95,47,0,2,3,1738931582,1,252,25,BT106003012MT00221017838,54,83,4db8e093-a366-437b-bb9b-55b017cf9f53
0,0,No Error,366,0,No Error,653,865209069519313,10,95,46,0,1,0,1738931612,1,0,25,BT106003012MT00221017838,55,83,4db8e093-a366-437b-bb9b-55b017cf9f53
0,0,No Error,366,0,No Error,653,865209069519313,10,95,46,0,1,0,1738931612,1,0,25,BT106003012MT00221017838,55,83,4db8e093-a366-437b-bb9b-55b017cf9f53
0,0,No Error,366,0,No Error,653,865209069519313,10,95,46,0,1,0,1738931612,1,0,25,BT106003012MT00221017838,55,83,4db8e093-a366-437b-bb9b-55b017cf9f53
0,0,No Error,366,0,No Error,653,865209069519313,10,95,46,0,1,0,1738931612,1,0,25,BT106003012MT00221017838,55,83,4db8e093-a366-437b-bb9b-55b017cf9f53
0,0,No Error,366,0,No Error,654,865209069519313,10,95,46,0,2,0,1738931642,1,0,25,BT106003012MT00221017838,54,83,4db8e093-a366-437b-bb9b-55b017cf9f53
0,0,No Error,366,0,No Error,654,865209069519313,10,95,46,0,2,0,1738931642,1,0,25,BT106003012MT00221017838,54,83,4db8e093-a366-437b-bb9b-55b017cf9f53
0,0,No Error,366,0,No Error,654,865209069519313,10,95,46,0,2,0,1738931642,1,0,25,BT106003012MT00221017838,54,83,4db8e093-a366-437b-bb9b-55b017cf9f53
0,0,No Error,366,0,No Error,654,865209069519313,10,95,46,0,2,0,1738931642,1,0,25,BT106003012MT00221017838,54,83,4db8e093-a366-437b-bb9b-55b017cf9f53
0,0,No Error,366,0,No Error,643,865209069519313,10,95,46,100,170,3,1738931672,1,468,25,BT106003012MT00221017838,55,83,4db8e093-a366-437b-bb9b-55b017cf9f53
0,0,No Error,366,0,No Error,643,865209069519313,10,95,46,100,170,3,1738931672,1,468,25,BT106003012MT00221017838,55,83,4db8e093-a366-437b-bb9b-55b017cf9f53
0,0,No Error,366,0,No Error,643,865209069519313,10,95,46,100,170,3,1738931672,1,468,25,BT106003012MT00221017838,55,83,4db8e093-a366-437b-bb9b-55b017cf9f53
0,0,No Error,366,0,No Error,643,865209069519313,10,95,46,100,170,3,1738931672,1,468,25,BT106003012MT00221017838,55,83,4db8e093-a366-437b-bb9b-55b017cf9f53
0,0,No Error,366,0,No Error,653,865209069519313,10,95,46,0,2,0,1738931702,1,0,25,BT106003012MT00221017838,55,83,4db8e093-a366-437b-bb9b-55b017cf9f53
0,0,No Error,366,0,No Error,653,865209069519313,10,95,46,0,2,0,1738931702,1,0,25,BT106003012MT00221017838,55,83,4db8e093-a366-437b-bb9b-55b017cf9f53
0,0,No Error,366,0,No Error,653,865209069519313,10,95,46,0,2,0,1738931702,1,0,25,BT106003012MT00221017838,55,83,4db8e093-a366-437b-bb9b-55b017cf9f53
0,0,No Error,366,0,No Error,653,865209069519313,10,95,46,0,2,0,1738931702,1,0,25,BT106003012MT00221017838,55,83,4db8e093-a366-437b-bb9b-55b017cf9f53
0,0,No Error,366,0,No Error,655,865209069519313,10,95,46,0,0,0,1738931732,1,0,25,BT106003012MT00221017838,55,83,4db8e093-a366-437b-bb9b-55b017cf9f53
0,0,No Error,366,0,No Error,655,865209069519313,10,95,46,0,0,0,1738931732,1,0,25,BT106003012MT00221017838,55,83,4db8e093-a366-437b-bb9b-55b017cf9f53
0,0,No Error,366,0,No Error,655,865209069519313,10,95,46,0,0,0,1738931762,1,0,25,BT106003012MT00221017838,55,83,4db8e093-a366-437b-bb9b-55b017cf9f53
0,0,No Error,366,0,No Error,655,865209069519313,10,95,46,0,0,0,1738931762,1,0,25,BT106003012MT00221017838,55,83,4db8e093-a366-437b-bb9b-55b017cf9f53
0,0,No Error,366,0,No Error,655,865209069519313,10,95,46,0,0,0,1738931762,1,0,25,BT106003012MT00221017838,55,83,4db8e093-a366-437b-bb9b-55b017cf9f53
0,0,No Error,366,0,No Error,655,865209069519313,10,95,46,0,0,0,1738931762,1,0,25,BT106003012MT00221017838,55,83,4db8e093-a366-437b-bb9b-55b017cf9f53
0,0,No Error,366,0,No Error,656,865209069519313,10,95,46,0,0,0,1738931792,1,0,25,BT106003012MT00221017838,55,83,4db8e093-a366-437b-bb9b-55b017cf9f53
0,0,No Error,366,0,No Error,656,865209069519313,10,95,46,0,0,0,1738931792,1,0,25,BT106003012MT00221017838,55,83,4db8e093-a366-437b-bb9b-55b017cf9f53
0,0,No Error,366,0,No Error,656,865209069519313,10,95,46,0,0,0,1738931792,1,0,25,BT106003012MT00221017838,55,83,4db8e093-a366-437b-bb9b-55b017cf9f53
0,0,No Error,366,0,No Error,656,865209069519313,10,95,46,0,0,0,1738931792,1,0,25,BT106003012MT00221017838,55,83,4db8e093-a366-437b-bb9b-55b017cf9f53
0,0,No Error,366,0,No Error,656,865209069519313,10,95,46,0,0,0,1738931823,1,0,25,BT106003012MT00221017838,55,83,4db8e093-a366-437b-bb9b-55b017cf9f53
0,0,No Error,366,0,No Error,656,865209069519313,10,95,46,0,0,0,1738931823,1,0,25,BT106003012MT00221017838,55,83,4db8e093-a366-437b-bb9b-55b017cf9f53
0,0,No Error,366,0,No Error,656,865209069519313,10,95,46,0,0,2,1738931853,1,0,25,BT106003012MT00221017838,49,83,4db8e093-a366-437b-bb9b-55b017cf9f53
0,0,No Error,366,0,No Error,656,865209069519313,10,95,46,0,0,2,1738931853,1,0,25,BT106003012MT00221017838,49,83,4db8e093-a366-437b-bb9b-55b017cf9f53
0,0,No Error,366,0,No Error,656,865209069519313,10,95,46,0,0,2,1738931853,1,0,25,BT106003012MT00221017838,49,83,4db8e093-a366-437b-bb9b-55b017cf9f53
0,0,No Error,366,0,No Error,656,865209069519313,10,95,46,0,0,2,1738931853,1,0,25,BT106003012MT00221017838,49,83,4db8e093-a366-437b-bb9b-55b017cf9f53
0,0,No Error,366,0,No Error,654,865209069519313,10,95,45,0,70,0,1738931883,1,378,25,BT106003012MT00221017838,53,83,4db8e093-a366-437b-bb9b-55b017cf9f53
0,0,No Error,366,0,No Error,654,865209069519313,10,95,45,0,70,0,1738931883,1,378,25,BT106003012MT00221017838,53,83,4db8e093-a366-437b-bb9b-55b017cf9f53
0,0,No Error,366,0,No Error,643,865209069519313,10,95,45,66,139,3,1738931913,1,474,25,BT106003012MT00221017838,55,83,4db8e093-a366-437b-bb9b-55b017cf9f53
0,0,No Error,366,0,No Error,643,865209069519313,10,95,45,66,139,3,1738931913,1,474,25,BT106003012MT00221017838,55,83,4db8e093-a366-437b-bb9b-55b017cf9f53
0,0,No Error,366,0,No Error,643,865209069519313,10,95,45,66,139,3,1738931913,1,474,25,BT106003012MT00221017838,55,83,4db8e093-a366-437b-bb9b-55b017cf9f53
0,0,No Error,366,0,No Error,643,865209069519313,10,95,45,66,139,3,1738931913,1,474,25,BT106003012MT00221017838,55,83,4db8e093-a366-437b-bb9b-55b017cf9f53
0,0,No Error,366,0,No Error,650,865209069519313,10,95,44,0,1,0,1738931943,1,0,25,BT106003012MT00221017838,56,83,4db8e093-a366-437b-bb9b-55b017cf9f53
0,0,No Error,366,0,No Error,650,865209069519313,10,95,44,0,1,0,1738931943,1,0,25,BT106003012MT00221017838,56,83,4db8e093-a366-437b-bb9b-55b017cf9f53
0,0,No Error,366,0,No Error,650,865209069519313,10,95,44,0,1,0,1738931943,1,0,25,BT106003012MT00221017838,56,83,4db8e093-a366-437b-bb9b-55b017cf9f53
0,0,No Error,366,0,No Error,650,865209069519313,10,95,44,0,1,0,1738931943,1,0,25,BT106003012MT00221017838,56,83,4db8e093-a366-437b-bb9b-55b017cf9f53
0,0,No Error,366,0,No Error,654,865209069519313,10,95,44,0,0,0,1738931973,1,0,25,BT106003012MT00221017838,56,83,4db8e093-a366-437b-bb9b-55b017cf9f53
0,0,No Error,366,0,No Error,654,865209069519313,10,95,44,0,0,0,1738931973,1,0,25,BT106003012MT00221017838,56,83,4db8e093-a366-437b-bb9b-55b017cf9f53
0,0,No Error,366,0,No Error,655,865209069519313,10,95,44,0,0,0,1738932003,1,0,25,BT106003012MT00221017838,56,83,4db8e093-a366-437b-bb9b-55b017cf9f53
0,0,No Error,366,0,No Error,655,865209069519313,10,95,44,0,0,0,1738932003,1,0,25,BT106003012MT00221017838,56,83,4db8e093-a366-437b-bb9b-55b017cf9f53
0,0,No Error,366,0,No Error,656,865209069519313,10,95,44,0,0,0,1738932033,1,0,25,BT106003012MT00221017838,56,83,4db8e093-a366-437b-bb9b-55b017cf9f53
0,0,No Error,366,0,No Error,656,865209069519313,10,95,44,0,0,0,1738932033,1,0,25,BT106003012MT00221017838,56,83,4db8e093-a366-437b-bb9b-55b017cf9f53
0,0,No Error,366,0,No Error,656,865209069519313,10,95,44,0,0,0,1738932063,1,0,25,BT106003012MT00221017838,56,83,4db8e093-a366-437b-bb9b-55b017cf9f53
0,0,No Error,366,0,No Error,656,865209069519313,10,95,44,0,0,0,1738932063,1,0,25,BT106003012MT00221017838,56,83,4db8e093-a366-437b-bb9b-55b017cf9f53
0,0,No Error,366,0,No Error,656,865209069519313,10,95,44,0,0,0,1738932093,1,0,25,BT106003012MT00221017838,56,83,4db8e093-a366-437b-bb9b-55b017cf9f53
0,0,No Error,366,0,No Error,656,865209069519313,10,95,44,0,0,0,1738932093,1,0,25,BT106003012MT00221017838,56,83,4db8e093-a366-437b-bb9b-55b017cf9f53
0,0,No Error,366,0,No Error,656,865209069519313,10,95,44,0,0,0,1738932093,1,0,25,BT106003012MT00221017838,56,83,4db8e093-a366-437b-bb9b-55b017cf9f53
0,0,No Error,366,0,No Error,656,865209069519313,10,95,44,0,0,0,1738932093,1,0,25,BT106003012MT00221017838,56,83,4db8e093-a366-437b-bb9b-55b017cf9f53
0,0,No Error,360,0,No Error,643,865209069519313,10,95,44,100,336,3,1738934717,1,204,25,BT106003012MT00221017838,36,83,4db8e093-a366-437b-bb9b-55b017cf9f53
0,0,No Error,360,0,No Error,643,865209069519313,10,95,44,100,336,3,1738934717,1,204,25,BT106003012MT00221017838,36,83,4db8e093-a366-437b-bb9b-55b017cf9f53
0,0,No Error,360,0,No Error,643,865209069519313,10,95,44,100,336,3,1738934717,1,204,25,BT106003012MT00221017838,36,83,4db8e093-a366-437b-bb9b-55b017cf9f53
0,0,No Error,360,0,No Error,643,865209069519313,10,95,44,100,336,3,1738934717,1,204,25,BT106003012MT00221017838,36,83,4db8e093-a366-437b-bb9b-55b017cf9f53
0,0,No Error,360,0,No Error,658,865209069519313,10,95,44,0,5,3,1738934747,1,102,25,BT106003012MT00221017838,38,83,4db8e093-a366-437b-bb9b-55b017cf9f53
0,0,No Error,360,0,No Error,658,865209069519313,10,95,44,0,5,3,1738934747,1,102,25,BT106003012MT00221017838,38,83,4db8e093-a366-437b-bb9b-55b017cf9f53
0,0,No Error,360,0,No Error,658,865209069519313,10,95,44,0,5,3,1738934747,1,102,25,BT106003012MT00221017838,38,83,4db8e093-a366-437b-bb9b-55b017cf9f53
0,0,No Error,360,0,No Error,658,865209069519313,10,95,44,0,5,3,1738934747,1,102,25,BT106003012MT00221017838,38,83,4db8e093-a366-437b-bb9b-55b017cf9f53
0,0,No Error,360,0,No Error,657,865209069519313,10,95,44,0,0,0,1738934777,1,0,25,BT106003012MT00221017838,39,82,4db8e093-a366-437b-bb9b-55b017cf9f53
0,0,No Error,360,0,No Error,657,865209069519313,10,95,44,0,0,0,1738934777,1,0,25,BT106003012MT00221017838,39,82,4db8e093-a366-437b-bb9b-55b017cf9f53
0,0,No Error,360,0,No Error,657,865209069519313,10,95,44,0,0,0,1738934777,1,0,25,BT106003012MT00221017838,39,82,4db8e093-a366-437b-bb9b-55b017cf9f53
0,0,No Error,360,0,No Error,657,865209069519313,10,95,44,0,0,0,1738934777,1,0,25,BT106003012MT00221017838,39,82,4db8e093-a366-437b-bb9b-55b017cf9f53
0,0,No Error,360,0,No Error,658,865209069519313,10,95,44,0,0,0,1738934807,1,0,25,BT106003012MT00221017838,39,82,4db8e093-a366-437b-bb9b-55b017cf9f53
0,0,No Error,360,0,No Error,658,865209069519313,10,95,44,0,0,0,1738934807,1,0,25,BT106003012MT00221017838,39,82,4db8e093-a366-437b-bb9b-55b017cf9f53
0,0,No Error,360,0,No Error,658,865209069519313,10,95,44,0,0,0,1738934807,1,0,25,BT106003012MT00221017838,39,82,4db8e093-a366-437b-bb9b-55b017cf9f53
0,0,No Error,360,0,No Error,658,865209069519313,10,95,44,0,0,0,1738934807,1,0,25,BT106003012MT00221017838,39,82,4db8e093-a366-437b-bb9b-55b017cf9f53
0,0,No Error,360,0,No Error,658,865209069519313,10,95,44,0,0,0,1738934837,1,0,25,BT106003012MT00221017838,39,82,4db8e093-a366-437b-bb9b-55b017cf9f53
0,0,No Error,360,0,No Error,658,865209069519313,10,95,44,0,0,0,1738934837,1,0,25,BT106003012MT00221017838,39,82,4db8e093-a366-437b-bb9b-55b017cf9f53
0,0,No Error,360,0,No Error,655,865209069519313,10,95,44,0,0,0,1738934867,1,30,25,BT106003012MT00221017838,39,83,4db8e093-a366-437b-bb9b-55b017cf9f53
0,0,No Error,360,0,No Error,655,865209069519313,10,95,44,0,0,0,1738934867,1,30,25,BT106003012MT00221017838,39,83,4db8e093-a366-437b-bb9b-55b017cf9f53
0,0,No Error,360,0,No Error,655,865209069519313,10,95,44,0,0,0,1738934867,1,30,25,BT106003012MT00221017838,39,83,4db8e093-a366-437b-bb9b-55b017cf9f53
0,0,No Error,360,0,No Error,655,865209069519313,10,95,44,0,0,0,1738934867,1,30,25,BT106003012MT00221017838,39,83,4db8e093-a366-437b-bb9b-55b017cf9f53
0,0,No Error,360,0,No Error,644,865209069519313,10,95,43,18,120,0,1738934897,1,312,25,BT106003012MT00221017838,44,83,4db8e093-a366-437b-bb9b-55b017cf9f53
0,0,No Error,360,0,No Error,644,865209069519313,10,95,43,18,120,0,1738934897,1,312,25,BT106003012MT00221017838,44,83,4db8e093-a366-437b-bb9b-55b017cf9f53
0,0,No Error,361,0,No Error,654,865209069519313,10,95,43,0,0,3,1738934927,1,0,25,BT106003012MT00221017838,44,82,4db8e093-a366-437b-bb9b-55b017cf9f53
0,0,No Error,361,0,No Error,654,865209069519313,10,95,43,0,0,3,1738934927,1,0,25,BT106003012MT00221017838,44,82,4db8e093-a366-437b-bb9b-55b017cf9f53
0,0,No Error,361,0,No Error,654,865209069519313,10,95,43,0,0,3,1738934927,1,0,25,BT106003012MT00221017838,44,82,4db8e093-a366-437b-bb9b-55b017cf9f53
0,0,No Error,361,0,No Error,654,865209069519313,10,95,43,0,0,3,1738934927,1,0,25,BT106003012MT00221017838,44,82,4db8e093-a366-437b-bb9b-55b017cf9f53
0,0,No Error,361,0,No Error,655,865209069519313,10,95,43,0,0,3,1738934957,1,0,25,BT106003012MT00221017838,44,82,4db8e093-a366-437b-bb9b-55b017cf9f53
0,0,No Error,361,0,No Error,655,865209069519313,10,95,43,0,0,3,1738934957,1,0,25,BT106003012MT00221017838,44,82,4db8e093-a366-437b-bb9b-55b017cf9f53
0,0,No Error,361,0,No Error,655,865209069519313,10,95,43,0,0,3,1738934957,1,0,25,BT106003012MT00221017838,44,82,4db8e093-a366-437b-bb9b-55b017cf9f53
0,0,No Error,361,0,No Error,655,865209069519313,10,95,43,0,0,3,1738934957,1,0,25,BT106003012MT00221017838,44,82,4db8e093-a366-437b-bb9b-55b017cf9f53
0,0,No Error,361,0,No Error,656,865209069519313,10,95,43,0,0,3,1738934987,1,0,25,BT106003012MT00221017838,44,82,4db8e093-a366-437b-bb9b-55b017cf9f53
0,0,No Error,361,0,No Error,656,865209069519313,10,95,43,0,0,3,1738934987,1,0,25,BT106003012MT00221017838,44,82,4db8e093-a366-437b-bb9b-55b017cf9f53
0,0,No Error,361,0,No Error,656,865209069519313,10,95,43,0,0,3,1738934987,1,0,25,BT106003012MT00221017838,44,82,4db8e093-a366-437b-bb9b-55b017cf9f53
0,0,No Error,361,0,No Error,656,865209069519313,10,95,43,0,0,3,1738934987,1,0,25,BT106003012MT00221017838,44,82,4db8e093-a366-437b-bb9b-55b017cf9f53
0,0,No Error,361,0,No Error,656,865209069519313,10,95,43,0,0,3,1738935017,1,0,25,BT106003012MT00221017838,44,82,4db8e093-a366-437b-bb9b-55b017cf9f53
0,0,No Error,361,0,No Error,656,865209069519313,10,95,43,0,0,3,1738935017,1,0,25,BT106003012MT00221017838,44,82,4db8e093-a366-437b-bb9b-55b017cf9f53
0,0,No Error,361,0,No Error,656,865209069519313,10,95,43,0,0,3,1738935017,1,0,25,BT106003012MT00221017838,44,82,4db8e093-a366-437b-bb9b-55b017cf9f53
0,0,No Error,361,0,No Error,656,865209069519313,10,95,43,0,0,3,1738935017,1,0,25,BT106003012MT00221017838,44,82,4db8e093-a366-437b-bb9b-55b017cf9f53
0,0,No Error,361,0,No Error,656,865209069519313,10,95,43,0,0,3,1738935047,1,0,25,BT106003012MT00221017838,44,82,4db8e093-a366-437b-bb9b-55b017cf9f53
0,0,No Error,361,0,No Error,656,865209069519313,10,95,43,0,0,3,1738935047,1,0,25,BT106003012MT00221017838,44,82,4db8e093-a366-437b-bb9b-55b017cf9f53
0,0,No Error,361,0,No Error,656,865209069519313,10,95,43,0,0,3,1738935047,1,0,25,BT106003012MT00221017838,44,82,4db8e093-a366-437b-bb9b-55b017cf9f53
0,0,No Error,361,0,No Error,656,865209069519313,10,95,43,0,0,3,1738935047,1,0,25,BT106003012MT00221017838,44,82,4db8e093-a366-437b-bb9b-55b017cf9f53
0,0,No Error,361,0,No Error,657,865209069519313,10,95,43,0,0,3,1738935077,1,0,25,BT106003012MT00221017838,44,82,4db8e093-a366-437b-bb9b-55b017cf9f53
0,0,No Error,361,0,No Error,657,865209069519313,10,95,43,0,0,3,1738935077,1,0,25,BT106003012MT00221017838,44,82,4db8e093-a366-437b-bb9b-55b017cf9f53
0,0,No Error,361,0,No Error,657,865209069519313,10,95,43,0,0,3,1738935077,1,0,25,BT106003012MT00221017838,44,82,4db8e093-a366-437b-bb9b-55b017cf9f53
0,0,No Error,361,0,No Error,657,865209069519313,10,95,43,0,0,3,1738935077,1,0,25,BT106003012MT00221017838,44,82,4db8e093-a366-437b-bb9b-55b017cf9f53
0,0,No Error,359,0,No Error,657,865209069519313,10,95,43,36,40,2,1738935724,1,18,25,BT106003012MT00221017838,37,84,4db8e093-a366-437b-bb9b-55b017cf9f53
0,0,No Error,359,0,No Error,657,865209069519313,10,95,43,36,40,2,1738935724,1,18,25,BT106003012MT00221017838,37,84,4db8e093-a366-437b-bb9b-55b017cf9f53
0,0,No Error,359,0,No Error,658,865209069519313,10,95,43,0,12,0,1738935754,1,144,25,BT106003012MT00221017838,38,83,4db8e093-a366-437b-bb9b-55b017cf9f53
0,0,No Error,359,0,No Error,658,865209069519313,10,95,43,0,12,0,1738935754,1,144,25,BT106003012MT00221017838,38,83,4db8e093-a366-437b-bb9b-55b017cf9f53
0,0,No Error,359,0,No Error,656,865209069519313,10,95,43,0,2,2,1738935784,1,0,25,BT106003012MT00221017838,40,84,4db8e093-a366-437b-bb9b-55b017cf9f53
0,0,No Error,359,0,No Error,656,865209069519313,10,95,43,0,2,2,1738935784,1,0,25,BT106003012MT00221017838,40,84,4db8e093-a366-437b-bb9b-55b017cf9f53
0,0,No Error,359,0,No Error,656,865209069519313,10,95,43,0,2,2,1738935784,1,0,25,BT106003012MT00221017838,40,84,4db8e093-a366-437b-bb9b-55b017cf9f53
0,0,No Error,359,0,No Error,656,865209069519313,10,95,43,0,2,2,1738935784,1,0,25,BT106003012MT00221017838,40,84,4db8e093-a366-437b-bb9b-55b017cf9f53
0,0,No Error,359,0,No Error,657,865209069519313,10,95,43,0,0,2,1738935814,1,0,25,BT106003012MT00221017838,39,84,4db8e093-a366-437b-bb9b-55b017cf9f53
0,0,No Error,359,0,No Error,657,865209069519313,10,95,43,0,0,2,1738935814,1,0,25,BT106003012MT00221017838,39,84,4db8e093-a366-437b-bb9b-55b017cf9f53
0,0,No Error,359,0,No Error,657,865209069519313,10,95,43,0,0,2,1738935814,1,0,25,BT106003012MT00221017838,39,84,4db8e093-a366-437b-bb9b-55b017cf9f53
0,0,No Error,359,0,No Error,657,865209069519313,10,95,43,0,0,2,1738935814,1,0,25,BT106003012MT00221017838,39,84,4db8e093-a366-437b-bb9b-55b017cf9f53
0,0,No Error,359,0,No Error,657,865209069519313,10,95,43,0,0,2,1738935844,1,0,25,BT106003012MT00221017838,39,83,4db8e093-a366-437b-bb9b-55b017cf9f53
0,0,No Error,359,0,No Error,657,865209069519313,10,95,43,0,0,2,1738935844,1,0,25,BT106003012MT00221017838,39,83,4db8e093-a366-437b-bb9b-55b017cf9f53
0,0,No Error,359,0,No Error,657,865209069519313,10,95,43,0,0,2,1738935844,1,0,25,BT106003012MT00221017838,39,83,4db8e093-a366-437b-bb9b-55b017cf9f53
0,0,No Error,359,0,No Error,657,865209069519313,10,95,43,0,0,2,1738935844,1,0,25,BT106003012MT00221017838,39,83,4db8e093-a366-437b-bb9b-55b017cf9f53
0,0,No Error,359,0,No Error,657,865209069519313,10,95,43,0,0,2,1738935874,1,0,25,BT106003012MT00221017838,39,84,4db8e093-a366-437b-bb9b-55b017cf9f53
0,0,No Error,359,0,No Error,657,865209069519313,10,95,43,0,0,2,1738935874,1,0,25,BT106003012MT00221017838,39,84,4db8e093-a366-437b-bb9b-55b017cf9f53
0,0,No Error,359,0,No Error,657,865209069519313,10,95,43,0,0,2,1738935874,1,0,25,BT106003012MT00221017838,39,84,4db8e093-a366-437b-bb9b-55b017cf9f53
0,0,No Error,359,0,No Error,657,865209069519313,10,95,43,0,0,2,1738935874,1,0,25,BT106003012MT00221017838,39,84,4db8e093-a366-437b-bb9b-55b017cf9f53
0,0,No Error,359,0,No Error,657,865209069519313,10,95,43,0,0,2,1738935904,1,0,25,BT106003012MT00221017838,38,84,4db8e093-a366-437b-bb9b-55b017cf9f53
0,0,No Error,359,0,No Error,657,865209069519313,10,95,43,0,0,2,1738935904,1,0,25,BT106003012MT00221017838,38,84,4db8e093-a366-437b-bb9b-55b017cf9f53
0,0,No Error,359,0,No Error,657,865209069519313,10,95,43,0,0,2,1738935904,1,0,25,BT106003012MT00221017838,38,84,4db8e093-a366-437b-bb9b-55b017cf9f53
0,0,No Error,359,0,No Error,657,865209069519313,10,95,43,0,0,2,1738935904,1,0,25,BT106003012MT00221017838,38,84,4db8e093-a366-437b-bb9b-55b017cf9f53
0,0,No Error,359,0,No Error,648,865209069519313,10,95,43,100,280,3,1738935934,1,72,25,BT106003012MT00221017838,38,84,4db8e093-a366-437b-bb9b-55b017cf9f53
0,0,No Error,359,0,No Error,648,865209069519313,10,95,43,100,280,3,1738935934,1,72,25,BT106003012MT00221017838,38,84,4db8e093-a366-437b-bb9b-55b017cf9f53
0,0,No Error,359,0,No Error,648,865209069519313,10,95,43,100,280,3,1738935934,1,72,25,BT106003012MT00221017838,38,84,4db8e093-a366-437b-bb9b-55b017cf9f53
0,0,No Error,359,0,No Error,648,865209069519313,10,95,43,100,280,3,1738935934,1,72,25,BT106003012MT00221017838,38,84,4db8e093-a366-437b-bb9b-55b017cf9f53
0,0,No Error,359,0,No Error,655,865209069519313,10,95,42,0,66,3,1738935964,1,336,25,BT106003012MT00221017838,42,83,4db8e093-a366-437b-bb9b-55b017cf9f53
0,0,No Error,359,0,No Error,655,865209069519313,10,95,42,0,66,3,1738935964,1,336,25,BT106003012MT00221017838,42,83,4db8e093-a366-437b-bb9b-55b017cf9f53
0,0,No Error,359,0,No Error,637,865209069519313,10,95,42,100,275,3,1738935994,1,444,25,BT106003012MT00221017838,44,83,4db8e093-a366-437b-bb9b-55b017cf9f53
0,0,No Error,359,0,No Error,637,865209069519313,10,95,42,100,275,3,1738935994,1,444,25,BT106003012MT00221017838,44,83,4db8e093-a366-437b-bb9b-55b017cf9f53
0,0,No Error,359,0,No Error,648,865209069519313,10,95,41,37,94,3,1738936024,1,168,25,BT106003012MT00221017838,45,83,4db8e093-a366-437b-bb9b-55b017cf9f53
0,0,No Error,359,0,No Error,648,865209069519313,10,95,41,37,94,3,1738936024,1,168,25,BT106003012MT00221017838,45,83,4db8e093-a366-437b-bb9b-55b017cf9f53
0,0,No Error,359,0,No Error,648,865209069519313,10,95,41,37,94,3,1738936024,1,168,25,BT106003012MT00221017838,45,83,4db8e093-a366-437b-bb9b-55b017cf9f53
0,0,No Error,359,0,No Error,648,865209069519313,10,95,41,37,94,3,1738936024,1,168,25,BT106003012MT00221017838,45,83,4db8e093-a366-437b-bb9b-55b017cf9f53
0,0,No Error,359,0,No Error,651,865209069519313,10,95,41,0,39,0,1738936054,1,228,25,BT106003012MT00221017838,47,83,4db8e093-a366-437b-bb9b-55b017cf9f53
0,0,No Error,359,0,No Error,651,865209069519313,10,95,41,0,39,0,1738936054,1,228,25,BT106003012MT00221017838,47,83,4db8e093-a366-437b-bb9b-55b017cf9f53
0,0,No Error,360,0,No Error,653,865209069519313,10,95,41,0,2,3,1738936084,1,0,25,BT106003012MT00221017838,47,84,4db8e093-a366-437b-bb9b-55b017cf9f53
0,0,No Error,360,0,No Error,653,865209069519313,10,95,41,0,2,3,1738936084,1,0,25,BT106003012MT00221017838,47,84,4db8e093-a366-437b-bb9b-55b017cf9f53
0,0,No Error,360,0,No Error,654,865209069519313,10,95,41,0,1,3,1738936114,1,0,25,BT106003012MT00221017838,46,84,4db8e093-a366-437b-bb9b-55b017cf9f53
0,0,No Error,360,0,No Error,654,865209069519313,10,95,41,0,1,3,1738936114,1,0,25,BT106003012MT00221017838,46,84,4db8e093-a366-437b-bb9b-55b017cf9f53
0,0,No Error,359,0,No Error,655,865209069519313,10,95,41,0,0,3,1738936144,1,0,25,BT106003012MT00221017838,45,84,4db8e093-a366-437b-bb9b-55b017cf9f53
0,0,No Error,359,0,No Error,655,865209069519313,10,95,41,0,0,3,1738936144,1,0,25,BT106003012MT00221017838,45,84,4db8e093-a366-437b-bb9b-55b017cf9f53
0,0,No Error,359,0,No Error,655,865209069519313,10,95,41,0,0,3,1738936174,1,0,25,BT106003012MT00221017838,44,84,4db8e093-a366-437b-bb9b-55b017cf9f53
0,0,No Error,359,0,No Error,655,865209069519313,10,95,41,0,0,3,1738936174,1,0,25,BT106003012MT00221017838,44,84,4db8e093-a366-437b-bb9b-55b017cf9f53
0,0,No Error,359,0,No Error,655,865209069519313,10,95,41,0,0,3,1738936204,1,0,25,BT106003012MT00221017838,44,84,4db8e093-a366-437b-bb9b-55b017cf9f53
0,0,No Error,359,0,No Error,655,865209069519313,10,95,41,0,0,3,1738936204,1,0,25,BT106003012MT00221017838,44,84,4db8e093-a366-437b-bb9b-55b017cf9f53
0,0,No Error,359,0,No Error,638,865209069519313,10,95,41,100,332,3,1738936234,1,384,25,BT106003012MT00221017838,45,84,4db8e093-a366-437b-bb9b-55b017cf9f53
0,0,No Error,359,0,No Error,638,865209069519313,10,95,41,100,332,3,1738936234,1,384,25,BT106003012MT00221017838,45,84,4db8e093-a366-437b-bb9b-55b017cf9f53
0,0,No Error,359,0,No Error,642,865209069519313,10,95,40,100,163,3,1738936264,1,474,25,BT106003012MT00221017838,47,84,4db8e093-a366-437b-bb9b-55b017cf9f53
0,0,No Error,359,0,No Error,642,865209069519313,10,95,40,100,163,3,1738936264,1,474,25,BT106003012MT00221017838,47,84,4db8e093-a366-437b-bb9b-55b017cf9f53
0,0,No Error,360,0,No Error,636,865209069519313,10,95,40,43,288,3,1738936294,1,426,25,BT106003012MT00221017838,49,84,4db8e093-a366-437b-bb9b-55b017cf9f53
0,0,No Error,360,0,No Error,636,865209069519313,10,95,40,43,288,3,1738936294,1,426,25,BT106003012MT00221017838,49,84,4db8e093-a366-437b-bb9b-55b017cf9f53
0,0,No Error,360,0,No Error,636,865209069519313,10,95,40,43,288,3,1738936294,1,426,25,BT106003012MT00221017838,49,84,4db8e093-a366-437b-bb9b-55b017cf9f53
0,0,No Error,360,0,No Error,636,865209069519313,10,95,40,43,288,3,1738936294,1,426,25,BT106003012MT00221017838,49,84,4db8e093-a366-437b-bb9b-55b017cf9f53
0,0,No Error,360,0,No Error,647,865209069519313,10,95,39,8,72,3,1738936324,1,366,25,BT106003012MT00221017838,49,84,4db8e093-a366-437b-bb9b-55b017cf9f53
0,0,No Error,360,0,No Error,647,865209069519313,10,95,39,8,72,3,1738936324,1,366,25,BT106003012MT00221017838,49,84,4db8e093-a366-437b-bb9b-55b017cf9f53
0,0,No Error,360,0,No Error,635,865209069519313,10,95,39,77,285,3,1738936355,1,450,25,BT106003012MT00221017838,49,84,4db8e093-a366-437b-bb9b-55b017cf9f53
0,0,No Error,360,0,No Error,635,865209069519313,10,95,39,77,285,3,1738936355,1,450,25,BT106003012MT00221017838,49,84,4db8e093-a366-437b-bb9b-55b017cf9f53
0,0,No Error,360,0,No Error,651,865209069519313,10,95,39,0,3,3,1738936385,1,6,25,BT106003012MT00221017838,50,84,4db8e093-a366-437b-bb9b-55b017cf9f53
0,0,No Error,360,0,No Error,651,865209069519313,10,95,39,0,3,3,1738936385,1,6,25,BT106003012MT00221017838,50,84,4db8e093-a366-437b-bb9b-55b017cf9f53
0,0,No Error,360,0,No Error,653,865209069519313,10,95,39,0,0,3,1738936415,1,0,25,BT106003012MT00221017838,49,83,4db8e093-a366-437b-bb9b-55b017cf9f53
0,0,No Error,360,0,No Error,653,865209069519313,10,95,39,0,0,3,1738936415,1,0,25,BT106003012MT00221017838,49,83,4db8e093-a366-437b-bb9b-55b017cf9f53
0,0,No Error,360,0,No Error,653,865209069519313,10,95,39,0,0,3,1738936415,1,0,25,BT106003012MT00221017838,49,83,4db8e093-a366-437b-bb9b-55b017cf9f53
0,0,No Error,360,0,No Error,653,865209069519313,10,95,39,0,0,3,1738936415,1,0,25,BT106003012MT00221017838,49,83,4db8e093-a366-437b-bb9b-55b017cf9f53
0,0,No Error,360,0,No Error,654,865209069519313,10,95,39,0,0,3,1738936445,1,0,25,BT106003012MT00221017838,49,83,4db8e093-a366-437b-bb9b-55b017cf9f53
0,0,No Error,360,0,No Error,654,865209069519313,10,95,39,0,0,3,1738936445,1,0,25,BT106003012MT00221017838,49,83,4db8e093-a366-437b-bb9b-55b017cf9f53
0,0,No Error,360,0,No Error,655,865209069519313,10,95,39,0,0,3,1738936475,1,0,25,BT106003012MT00221017838,49,83,4db8e093-a366-437b-bb9b-55b017cf9f53
0,0,No Error,360,0,No Error,655,865209069519313,10,95,39,0,0,3,1738936475,1,0,25,BT106003012MT00221017838,49,83,4db8e093-a366-437b-bb9b-55b017cf9f53
0,0,No Error,360,0,No Error,655,865209069519313,10,95,39,0,0,3,1738936475,1,0,25,BT106003012MT00221017838,49,83,4db8e093-a366-437b-bb9b-55b017cf9f53
0,0,No Error,360,0,No Error,655,865209069519313,10,95,39,0,0,3,1738936475,1,0,25,BT106003012MT00221017838,49,83,4db8e093-a366-437b-bb9b-55b017cf9f53
0,0,No Error,360,0,No Error,655,865209069519313,10,95,39,0,0,3,1738936505,1,0,25,BT106003012MT00221017838,49,83,4db8e093-a366-437b-bb9b-55b017cf9f53
0,0,No Error,360,0,No Error,655,865209069519313,10,95,39,0,0,3,1738936505,1,0,25,BT106003012MT00221017838,49,83,4db8e093-a366-437b-bb9b-55b017cf9f53
0,0,No Error,360,0,No Error,655,865209069519313,10,95,39,0,0,3,1738936535,1,0,25,BT106003012MT00221017838,49,83,4db8e093-a366-437b-bb9b-55b017cf9f53
0,0,No Error,360,0,No Error,655,865209069519313,10,95,39,0,0,3,1738936535,1,0,25,BT106003012MT00221017838,49,83,4db8e093-a366-437b-bb9b-55b017cf9f53
0,0,No Error,360,0,No Error,655,865209069519313,10,95,39,0,0,3,1738936565,1,0,25,BT106003012MT00221017838,49,83,4db8e093-a366-437b-bb9b-55b017cf9f53
0,0,No Error,360,0,No Error,655,865209069519313,10,95,39,0,0,3,1738936565,1,0,25,BT106003012MT00221017838,49,83,4db8e093-a366-437b-bb9b-55b017cf9f53
0,0,No Error,360,0,No Error,655,865209069519313,10,95,39,0,0,3,1738936565,1,0,25,BT106003012MT00221017838,49,83,4db8e093-a366-437b-bb9b-55b017cf9f53
0,0,No Error,360,0,No Error,655,865209069519313,10,95,39,0,0,3,1738936565,1,0,25,BT106003012MT00221017838,49,83,4db8e093-a366-437b-bb9b-55b017cf9f53
0,0,No Error,359,0,No Error,653,865209069519313,10,95,39,0,1,2,1738936870,1,174,25,BT106003012MT00221017838,45,83,4db8e093-a366-437b-bb9b-55b017cf9f53
0,0,No Error,359,0,No Error,653,865209069519313,10,95,39,0,1,2,1738936870,1,174,25,BT106003012MT00221017838,45,83,4db8e093-a366-437b-bb9b-55b017cf9f53
0,0,No Error,359,0,No Error,653,865209069519313,10,95,39,0,1,2,1738936870,1,174,25,BT106003012MT00221017838,45,83,4db8e093-a366-437b-bb9b-55b017cf9f53
0,0,No Error,359,0,No Error,653,865209069519313,10,95,39,0,1,2,1738936870,1,174,25,BT106003012MT00221017838,45,83,4db8e093-a366-437b-bb9b-55b017cf9f53
0,0,No Error,359,0,No Error,644,865209069519313,10,95,38,41,163,3,1738936900,1,294,25,BT106003012MT00221017838,46,83,4db8e093-a366-437b-bb9b-55b017cf9f53
0,0,No Error,359,0,No Error,644,865209069519313,10,95,38,41,163,3,1738936900,1,294,25,BT106003012MT00221017838,46,83,4db8e093-a366-437b-bb9b-55b017cf9f53
0,0,No Error,359,0,No Error,644,865209069519313,10,95,38,41,163,3,1738936900,1,294,25,BT106003012MT00221017838,46,83,4db8e093-a366-437b-bb9b-55b017cf9f53
0,0,No Error,359,0,No Error,644,865209069519313,10,95,38,41,163,3,1738936900,1,294,25,BT106003012MT00221017838,46,83,4db8e093-a366-437b-bb9b-55b017cf9f53
0,0,No Error,359,0,No Error,645,865209069519313,10,95,38,25,67,3,1738936930,1,324,25,BT106003012MT00221017838,47,83,4db8e093-a366-437b-bb9b-55b017cf9f53
0,0,No Error,359,0,No Error,645,865209069519313,10,95,38,25,67,3,1738936930,1,324,25,BT106003012MT00221017838,47,83,4db8e093-a366-437b-bb9b-55b017cf9f53
0,0,No Error,359,0,No Error,645,865209069519313,10,95,38,25,67,3,1738936930,1,324,25,BT106003012MT00221017838,47,83,4db8e093-a366-437b-bb9b-55b017cf9f53
0,0,No Error,359,0,No Error,645,865209069519313,10,95,38,25,67,3,1738936930,1,324,25,BT106003012MT00221017838,47,83,4db8e093-a366-437b-bb9b-55b017cf9f53
0,0,No Error,359,0,No Error,637,865209069519313,10,95,38,98,329,3,1738936960,1,138,25,BT106003012MT00221017838,48,83,4db8e093-a366-437b-bb9b-55b017cf9f53
0,0,No Error,359,0,No Error,637,865209069519313,10,95,38,98,329,3,1738936960,1,138,25,BT106003012MT00221017838,48,83,4db8e093-a366-437b-bb9b-55b017cf9f53
0,0,No Error,359,0,No Error,640,865209069519313,10,95,38,78,305,3,1738936990,1,144,25,BT106003012MT00221017838,49,83,4db8e093-a366-437b-bb9b-55b017cf9f53
0,0,No Error,359,0,No Error,640,865209069519313,10,95,38,78,305,3,1738936990,1,144,25,BT106003012MT00221017838,49,83,4db8e093-a366-437b-bb9b-55b017cf9f53
0,0,No Error,359,0,No Error,641,865209069519313,10,95,37,100,154,3,1738937020,1,474,25,BT106003012MT00221017838,51,83,4db8e093-a366-437b-bb9b-55b017cf9f53
0,0,No Error,359,0,No Error,641,865209069519313,10,95,37,100,154,3,1738937020,1,474,25,BT106003012MT00221017838,51,83,4db8e093-a366-437b-bb9b-55b017cf9f53
0,0,No Error,360,0,No Error,651,865209069519313,10,95,37,0,2,3,1738937050,1,138,25,BT106003012MT00221017838,50,83,4db8e093-a366-437b-bb9b-55b017cf9f53
0,0,No Error,360,0,No Error,651,865209069519313,10,95,37,0,2,3,1738937050,1,138,25,BT106003012MT00221017838,50,83,4db8e093-a366-437b-bb9b-55b017cf9f53
0,0,No Error,360,0,No Error,651,865209069519313,10,95,37,0,2,3,1738937050,1,138,25,BT106003012MT00221017838,50,83,4db8e093-a366-437b-bb9b-55b017cf9f53
0,0,No Error,360,0,No Error,651,865209069519313,10,95,37,0,2,3,1738937050,1,138,25,BT106003012MT00221017838,50,83,4db8e093-a366-437b-bb9b-55b017cf9f53
0,0,No Error,360,0,No Error,646,865209069519313,10,95,37,56,228,3,1738937080,1,132,25,BT106003012MT00221017838,50,83,4db8e093-a366-437b-bb9b-55b017cf9f53
0,0,No Error,360,0,No Error,646,865209069519313,10,95,37,56,228,3,1738937080,1,132,25,BT106003012MT00221017838,50,83,4db8e093-a366-437b-bb9b-55b017cf9f53
0,0,No Error,360,0,No Error,646,865209069519313,10,95,37,56,228,3,1738937080,1,132,25,BT106003012MT00221017838,50,83,4db8e093-a366-437b-bb9b-55b017cf9f53
0,0,No Error,360,0,No Error,646,865209069519313,10,95,37,56,228,3,1738937080,1,132,25,BT106003012MT00221017838,50,83,4db8e093-a366-437b-bb9b-55b017cf9f53
0,0,No Error,360,0,No Error,644,865209069519313,10,95,36,100,279,3,1738937110,1,96,25,BT106003012MT00221017838,51,83,4db8e093-a366-437b-bb9b-55b017cf9f53
0,0,No Error,360,0,No Error,644,865209069519313,10,95,36,100,279,3,1738937110,1,96,25,BT106003012MT00221017838,51,83,4db8e093-a366-437b-bb9b-55b017cf9f53
0,0,No Error,360,0,No Error,640,865209069519313,10,95,35,100,140,3,1738937140,1,474,25,BT106003012MT00221017838,53,83,4db8e093-a366-437b-bb9b-55b017cf9f53
0,0,No Error,360,0,No Error,640,865209069519313,10,95,35,100,140,3,1738937140,1,474,25,BT106003012MT00221017838,53,83,4db8e093-a366-437b-bb9b-55b017cf9f53
0,0,No Error,361,0,No Error,641,865209069519313,10,95,35,100,120,3,1738937170,1,480,25,BT106003012MT00221017838,53,83,4db8e093-a366-437b-bb9b-55b017cf9f53
0,0,No Error,361,0,No Error,641,865209069519313,10,95,35,100,120,3,1738937170,1,480,25,BT106003012MT00221017838,53,83,4db8e093-a366-437b-bb9b-55b017cf9f53
0,0,No Error,361,0,No Error,641,865209069519313,10,95,35,100,120,3,1738937170,1,480,25,BT106003012MT00221017838,53,83,4db8e093-a366-437b-bb9b-55b017cf9f53
0,0,No Error,361,0,No Error,641,865209069519313,10,95,35,100,120,3,1738937170,1,480,25,BT106003012MT00221017838,53,83,4db8e093-a366-437b-bb9b-55b017cf9f53
0,0,No Error,361,0,No Error,640,865209069519313,10,95,34,100,151,3,1738937200,1,474,25,BT106003012MT00221017838,53,83,4db8e093-a366-437b-bb9b-55b017cf9f53
0,0,No Error,361,0,No Error,640,865209069519313,10,95,34,100,151,3,1738937200,1,474,25,BT106003012MT00221017838,53,83,4db8e093-a366-437b-bb9b-55b017cf9f53
0,0,No Error,361,0,No Error,638,865209069519313,10,95,34,100,209,3,1738937230,1,450,25,BT106003012MT00221017838,52,83,4db8e093-a366-437b-bb9b-55b017cf9f53
0,0,No Error,361,0,No Error,638,865209069519313,10,95,34,100,209,3,1738937230,1,450,25,BT106003012MT00221017838,52,83,4db8e093-a366-437b-bb9b-55b017cf9f53
0,0,No Error,361,0,No Error,641,865209069519313,10,95,34,100,129,3,1738937260,1,474,25,BT106003012MT00221017838,52,83,4db8e093-a366-437b-bb9b-55b017cf9f53
0,0,No Error,361,0,No Error,641,865209069519313,10,95,34,100,129,3,1738937260,1,474,25,BT106003012MT00221017838,52,83,4db8e093-a366-437b-bb9b-55b017cf9f53
0,0,No Error,361,0,No Error,641,865209069519313,10,95,34,100,129,3,1738937260,1,474,25,BT106003012MT00221017838,52,83,4db8e093-a366-437b-bb9b-55b017cf9f53
0,0,No Error,361,0,No Error,641,865209069519313,10,95,34,100,129,3,1738937260,1,474,25,BT106003012MT00221017838,52,83,4db8e093-a366-437b-bb9b-55b017cf9f53
0,0,No Error,362,0,No Error,647,865209069519313,10,95,33,0,2,0,1738937290,1,414,25,BT106003012MT00221017838,52,83,4db8e093-a366-437b-bb9b-55b017cf9f53
0,0,No Error,362,0,No Error,647,865209069519313,10,95,33,0,2,0,1738937290,1,414,25,BT106003012MT00221017838,52,83,4db8e093-a366-437b-bb9b-55b017cf9f53
0,0,No Error,362,0,No Error,646,865209069519313,10,95,33,55,116,3,1738937320,1,102,25,BT106003012MT00221017838,52,83,4db8e093-a366-437b-bb9b-55b017cf9f53
0,0,No Error,362,0,No Error,646,865209069519313,10,95,33,55,116,3,1738937320,1,102,25,BT106003012MT00221017838,52,83,4db8e093-a366-437b-bb9b-55b017cf9f53
0,0,No Error,362,0,No Error,646,865209069519313,10,95,33,55,116,3,1738937320,1,102,25,BT106003012MT00221017838,52,83,4db8e093-a366-437b-bb9b-55b017cf9f53
0,0,No Error,362,0,No Error,646,865209069519313,10,95,33,55,116,3,1738937320,1,102,25,BT106003012MT00221017838,52,83,4db8e093-a366-437b-bb9b-55b017cf9f53
0,0,No Error,362,0,No Error,633,865209069519313,10,95,33,68,292,3,1738937350,1,438,25,BT106003012MT00221017838,53,83,4db8e093-a366-437b-bb9b-55b017cf9f53
0,0,No Error,362,0,No Error,633,865209069519313,10,95,33,68,292,3,1738937350,1,438,25,BT106003012MT00221017838,53,83,4db8e093-a366-437b-bb9b-55b017cf9f53
0,0,No Error,362,0,No Error,642,865209069519313,10,95,32,40,299,3,1738937380,1,384,25,BT106003012MT00221017838,54,83,4db8e093-a366-437b-bb9b-55b017cf9f53
0,0,No Error,362,0,No Error,642,865209069519313,10,95,32,40,299,3,1738937380,1,384,25,BT106003012MT00221017838,54,83,4db8e093-a366-437b-bb9b-55b017cf9f53
0,0,No Error,362,0,No Error,642,865209069519313,10,95,32,40,299,3,1738937380,1,384,25,BT106003012MT00221017838,54,83,4db8e093-a366-437b-bb9b-55b017cf9f53
0,0,No Error,362,0,No Error,642,865209069519313,10,95,32,40,299,3,1738937380,1,384,25,BT106003012MT00221017838,54,83,4db8e093-a366-437b-bb9b-55b017cf9f53
0,0,No Error,362,0,No Error,642,865209069519313,10,95,32,15,177,0,1738937410,1,282,25,BT106003012MT00221017838,54,83,4db8e093-a366-437b-bb9b-55b017cf9f53
0,0,No Error,362,0,No Error,642,865209069519313,10,95,32,15,177,0,1738937410,1,282,25,BT106003012MT00221017838,54,83,4db8e093-a366-437b-bb9b-55b017cf9f53
0,0,No Error,362,0,No Error,642,865209069519313,10,95,32,15,177,0,1738937410,1,282,25,BT106003012MT00221017838,54,83,4db8e093-a366-437b-bb9b-55b017cf9f53
0,0,No Error,362,0,No Error,642,865209069519313,10,95,32,15,177,0,1738937410,1,282,25,BT106003012MT00221017838,54,83,4db8e093-a366-437b-bb9b-55b017cf9f53
0,0,No Error,363,0,No Error,642,865209069519313,10,95,31,18,123,3,1738937440,1,354,25,BT106003012MT00221017838,54,83,4db8e093-a366-437b-bb9b-55b017cf9f53
0,0,No Error,363,0,No Error,642,865209069519313,10,95,31,18,123,3,1738937440,1,354,25,BT106003012MT00221017838,54,83,4db8e093-a366-437b-bb9b-55b017cf9f53
0,0,No Error,363,0,No Error,642,865209069519313,10,95,31,18,123,3,1738937440,1,354,25,BT106003012MT00221017838,54,83,4db8e093-a366-437b-bb9b-55b017cf9f53
0,0,No Error,363,0,No Error,642,865209069519313,10,95,31,18,123,3,1738937440,1,354,25,BT106003012MT00221017838,54,83,4db8e093-a366-437b-bb9b-55b017cf9f53
0,0,No Error,363,0,No Error,638,865209069519313,10,95,31,46,9,3,1738937470,1,294,25,BT106003012MT00221017838,55,83,4db8e093-a366-437b-bb9b-55b017cf9f53
0,0,No Error,363,0,No Error,638,865209069519313,10,95,31,46,9,3,1738937470,1,294,25,BT106003012MT00221017838,55,83,4db8e093-a366-437b-bb9b-55b017cf9f53
0,0,No Error,363,0,No Error,638,865209069519313,10,95,31,46,9,3,1738937470,1,294,25,BT106003012MT00221017838,55,83,4db8e093-a366-437b-bb9b-55b017cf9f53
0,0,No Error,363,0,No Error,638,865209069519313,10,95,31,46,9,3,1738937470,1,294,25,BT106003012MT00221017838,55,83,4db8e093-a366-437b-bb9b-55b017cf9f53
0,0,No Error,363,0,No Error,640,865209069519313,10,95,30,23,0,3,1738937500,1,354,25,BT106003012MT00221017838,56,83,4db8e093-a366-437b-bb9b-55b017cf9f53
0,0,No Error,363,0,No Error,640,865209069519313,10,95,30,23,0,3,1738937500,1,354,25,BT106003012MT00221017838,56,83,4db8e093-a366-437b-bb9b-55b017cf9f53
0,0,No Error,364,0,No Error,636,865209069519313,10,95,30,28,206,3,1738937531,1,402,25,BT106003012MT00221017838,57,83,4db8e093-a366-437b-bb9b-55b017cf9f53
0,0,No Error,364,0,No Error,636,865209069519313,10,95,30,28,206,3,1738937531,1,402,25,BT106003012MT00221017838,57,83,4db8e093-a366-437b-bb9b-55b017cf9f53
0,0,No Error,364,0,No Error,636,865209069519313,10,95,30,28,206,3,1738937531,1,402,25,BT106003012MT00221017838,57,83,4db8e093-a366-437b-bb9b-55b017cf9f53
0,0,No Error,364,0,No Error,636,865209069519313,10,95,30,28,206,3,1738937531,1,402,25,BT106003012MT00221017838,57,83,4db8e093-a366-437b-bb9b-55b017cf9f53
0,0,No Error,364,0,No Error,648,865209069519313,10,95,30,0,2,3,1738937561,1,78,25,BT106003012MT00221017838,57,83,4db8e093-a366-437b-bb9b-55b017cf9f53
0,0,No Error,364,0,No Error,648,865209069519313,10,95,30,0,2,3,1738937561,1,78,25,BT106003012MT00221017838,57,83,4db8e093-a366-437b-bb9b-55b017cf9f53
0,0,No Error,365,0,No Error,644,865209069519313,10,95,29,70,351,3,1738937591,1,378,25,BT106003012MT00221017838,57,83,4db8e093-a366-437b-bb9b-55b017cf9f53
0,0,No Error,365,0,No Error,644,865209069519313,10,95,29,70,351,3,1738937591,1,378,25,BT106003012MT00221017838,57,83,4db8e093-a366-437b-bb9b-55b017cf9f53
0,0,No Error,365,0,No Error,644,865209069519313,10,95,29,70,351,3,1738937591,1,378,25,BT106003012MT00221017838,57,83,4db8e093-a366-437b-bb9b-55b017cf9f53
0,0,No Error,365,0,No Error,644,865209069519313,10,95,29,70,351,3,1738937591,1,378,25,BT106003012MT00221017838,57,83,4db8e093-a366-437b-bb9b-55b017cf9f53
0,0,No Error,365,0,No Error,645,865209069519313,10,95,29,31,31,3,1738937621,1,156,25,BT106003012MT00221017838,57,83,4db8e093-a366-437b-bb9b-55b017cf9f53
0,0,No Error,365,0,No Error,645,865209069519313,10,95,29,31,31,3,1738937621,1,156,25,BT106003012MT00221017838,57,83,4db8e093-a366-437b-bb9b-55b017cf9f53
0,0,No Error,365,0,No Error,646,865209069519313,10,95,29,27,55,3,1738937651,1,102,25,BT106003012MT00221017838,57,83,4db8e093-a366-437b-bb9b-55b017cf9f53
0,0,No Error,365,0,No Error,646,865209069519313,10,95,29,27,55,3,1738937651,1,102,25,BT106003012MT00221017838,57,83,4db8e093-a366-437b-bb9b-55b017cf9f53
0,0,No Error,365,0,No Error,646,865209069519313,10,95,29,27,55,3,1738937651,1,102,25,BT106003012MT00221017838,57,83,4db8e093-a366-437b-bb9b-55b017cf9f53
0,0,No Error,365,0,No Error,646,865209069519313,10,95,29,27,55,3,1738937651,1,102,25,BT106003012MT00221017838,57,83,4db8e093-a366-437b-bb9b-55b017cf9f53
0,0,No Error,365,0,No Error,650,865209069519313,10,95,29,0,1,3,1738937681,1,0,25,BT106003012MT00221017838,56,83,4db8e093-a366-437b-bb9b-55b017cf9f53
0,0,No Error,365,0,No Error,650,865209069519313,10,95,29,0,1,3,1738937681,1,0,25,BT106003012MT00221017838,56,83,4db8e093-a366-437b-bb9b-55b017cf9f53
0,0,No Error,365,0,No Error,650,865209069519313,10,95,29,0,1,3,1738937681,1,0,25,BT106003012MT00221017838,56,83,4db8e093-a366-437b-bb9b-55b017cf9f53
0,0,No Error,365,0,No Error,650,865209069519313,10,95,29,0,1,3,1738937681,1,0,25,BT106003012MT00221017838,56,83,4db8e093-a366-437b-bb9b-55b017cf9f53
0,0,No Error,365,0,No Error,651,865209069519313,10,95,29,0,0,3,1738937711,1,0,25,BT106003012MT00221017838,55,83,4db8e093-a366-437b-bb9b-55b017cf9f53
0,0,No Error,365,0,No Error,651,865209069519313,10,95,29,0,0,3,1738937711,1,0,25,BT106003012MT00221017838,55,83,4db8e093-a366-437b-bb9b-55b017cf9f53
0,0,No Error,365,0,No Error,651,865209069519313,10,95,29,0,0,3,1738937711,1,0,25,BT106003012MT00221017838,55,83,4db8e093-a366-437b-bb9b-55b017cf9f53
0,0,No Error,365,0,No Error,651,865209069519313,10,95,29,0,0,3,1738937711,1,0,25,BT106003012MT00221017838,55,83,4db8e093-a366-437b-bb9b-55b017cf9f53
0,0,No Error,365,0,No Error,651,865209069519313,10,95,29,0,0,3,1738937741,1,0,25,BT106003012MT00221017838,54,83,4db8e093-a366-437b-bb9b-55b017cf9f53
0,0,No Error,365,0,No Error,651,865209069519313,10,95,29,0,0,3,1738937741,1,0,25,BT106003012MT00221017838,54,83,4db8e093-a366-437b-bb9b-55b017cf9f53
0,0,No Error,365,0,No Error,651,865209069519313,10,95,29,0,0,3,1738937741,1,0,25,BT106003012MT00221017838,54,83,4db8e093-a366-437b-bb9b-55b017cf9f53
0,0,No Error,365,0,No Error,651,865209069519313,10,95,29,0,0,3,1738937741,1,0,25,BT106003012MT00221017838,54,83,4db8e093-a366-437b-bb9b-55b017cf9f53
0,0,No Error,365,0,No Error,652,865209069519313,10,95,29,0,0,3,1738937771,1,0,25,BT106003012MT00221017838,54,83,4db8e093-a366-437b-bb9b-55b017cf9f53
0,0,No Error,365,0,No Error,652,865209069519313,10,95,29,0,0,3,1738937771,1,0,25,BT106003012MT00221017838,54,83,4db8e093-a366-437b-bb9b-55b017cf9f53
0,0,No Error,365,0,No Error,652,865209069519313,10,95,29,0,0,3,1738937771,1,0,25,BT106003012MT00221017838,54,83,4db8e093-a366-437b-bb9b-55b017cf9f53
0,0,No Error,365,0,No Error,652,865209069519313,10,95,29,0,0,3,1738937771,1,0,25,BT106003012MT00221017838,54,83,4db8e093-a366-437b-bb9b-55b017cf9f53
0,0,No Error,365,0,No Error,652,865209069519313,10,95,29,0,0,3,1738937801,1,0,25,BT106003012MT00221017838,53,83,4db8e093-a366-437b-bb9b-55b017cf9f53
0,0,No Error,365,0,No Error,652,865209069519313,10,95,29,0,0,3,1738937801,1,0,25,BT106003012MT00221017838,53,83,4db8e093-a366-437b-bb9b-55b017cf9f53
0,0,No Error,365,0,No Error,652,865209069519313,10,95,29,0,0,3,1738937801,1,0,25,BT106003012MT00221017838,53,83,4db8e093-a366-437b-bb9b-55b017cf9f53
0,0,No Error,365,0,No Error,652,865209069519313,10,95,29,0,0,3,1738937801,1,0,25,BT106003012MT00221017838,53,83,4db8e093-a366-437b-bb9b-55b017cf9f53
0,0,No Error,365,0,No Error,648,865209069519313,10,95,29,100,156,3,1738937831,1,84,25,BT106003012MT00221017838,53,83,4db8e093-a366-437b-bb9b-55b017cf9f53
0,0,No Error,365,0,No Error,648,865209069519313,10,95,29,100,156,3,1738937831,1,84,25,BT106003012MT00221017838,53,83,4db8e093-a366-437b-bb9b-55b017cf9f53
0,0,No Error,365,0,No Error,633,865209069519313,10,95,28,50,296,3,1738937861,1,324,25,BT106003012MT00221017838,57,83,4db8e093-a366-437b-bb9b-55b017cf9f53
0,0,No Error,365,0,No Error,633,865209069519313,10,95,28,50,296,3,1738937861,1,324,25,BT106003012MT00221017838,57,83,4db8e093-a366-437b-bb9b-55b017cf9f53
0,0,No Error,365,0,No Error,633,865209069519313,10,95,28,50,296,3,1738937861,1,324,25,BT106003012MT00221017838,57,83,4db8e093-a366-437b-bb9b-55b017cf9f53
0,0,No Error,365,0,No Error,633,865209069519313,10,95,28,50,296,3,1738937861,1,324,25,BT106003012MT00221017838,57,83,4db8e093-a366-437b-bb9b-55b017cf9f53
0,0,No Error,365,0,No Error,642,865209069519313,10,95,28,22,118,3,1738937891,1,276,25,BT106003012MT00221017838,59,83,4db8e093-a366-437b-bb9b-55b017cf9f53
0,0,No Error,365,0,No Error,642,865209069519313,10,95,28,22,118,3,1738937891,1,276,25,BT106003012MT00221017838,59,83,4db8e093-a366-437b-bb9b-55b017cf9f53
0,0,No Error,365,0,No Error,642,865209069519313,10,95,28,22,118,3,1738937891,1,276,25,BT106003012MT00221017838,59,83,4db8e093-a366-437b-bb9b-55b017cf9f53
0,0,No Error,365,0,No Error,642,865209069519313,10,95,28,22,118,3,1738937891,1,276,25,BT106003012MT00221017838,59,83,4db8e093-a366-437b-bb9b-55b017cf9f53
0,0,No Error,366,0,No Error,648,865209069519313,10,95,27,0,0,0,1738937921,1,84,25,BT106003012MT00221017838,59,83,4db8e093-a366-437b-bb9b-55b017cf9f53
0,0,No Error,366,0,No Error,648,865209069519313,10,95,27,0,0,0,1738937921,1,84,25,BT106003012MT00221017838,59,83,4db8e093-a366-437b-bb9b-55b017cf9f53
0,0,No Error,366,0,No Error,648,865209069519313,10,95,27,0,0,0,1738937921,1,84,25,BT106003012MT00221017838,59,83,4db8e093-a366-437b-bb9b-55b017cf9f53
0,0,No Error,366,0,No Error,648,865209069519313,10,95,27,0,0,0,1738937921,1,84,25,BT106003012MT00221017838,59,83,4db8e093-a366-437b-bb9b-55b017cf9f53
0,0,No Error,366,0,No Error,650,865209069519313,10,95,27,0,0,3,1738937951,1,0,25,BT106003012MT00221017838,59,83,4db8e093-a366-437b-bb9b-55b017cf9f53
0,0,No Error,366,0,No Error,650,865209069519313,10,95,27,0,0,3,1738937951,1,0,25,BT106003012MT00221017838,59,83,4db8e093-a366-437b-bb9b-55b017cf9f53
0,0,No Error,366,0,No Error,651,865209069519313,10,95,27,0,0,3,1738937981,1,0,25,BT106003012MT00221017838,59,83,4db8e093-a366-437b-bb9b-55b017cf9f53
0,0,No Error,366,0,No Error,651,865209069519313,10,95,27,0,0,3,1738937981,1,0,25,BT106003012MT00221017838,59,83,4db8e093-a366-437b-bb9b-55b017cf9f53
0,0,No Error,366,0,No Error,651,865209069519313,10,95,27,0,0,3,1738937981,1,0,25,BT106003012MT00221017838,59,83,4db8e093-a366-437b-bb9b-55b017cf9f53
0,0,No Error,366,0,No Error,651,865209069519313,10,95,27,0,0,3,1738937981,1,0,25,BT106003012MT00221017838,59,83,4db8e093-a366-437b-bb9b-55b017cf9f53
0,0,No Error,366,0,No Error,652,865209069519313,10,95,27,0,0,3,1738938011,1,0,25,BT106003012MT00221017838,59,83,4db8e093-a366-437b-bb9b-55b017cf9f53
0,0,No Error,366,0,No Error,652,865209069519313,10,95,27,0,0,3,1738938011,1,0,25,BT106003012MT00221017838,59,83,4db8e093-a366-437b-bb9b-55b017cf9f53
0,0,No Error,366,0,No Error,652,865209069519313,10,95,27,0,0,3,1738938011,1,0,25,BT106003012MT00221017838,59,83,4db8e093-a366-437b-bb9b-55b017cf9f53
0,0,No Error,366,0,No Error,652,865209069519313,10,95,27,0,0,3,1738938011,1,0,25,BT106003012MT00221017838,59,83,4db8e093-a366-437b-bb9b-55b017cf9f53
0,0,No Error,366,0,No Error,652,865209069519313,10,95,27,0,0,3,1738938041,1,0,25,BT106003012MT00221017838,59,83,4db8e093-a366-437b-bb9b-55b017cf9f53
0,0,No Error,366,0,No Error,652,865209069519313,10,95,27,0,0,3,1738938041,1,0,25,BT106003012MT00221017838,59,83,4db8e093-a366-437b-bb9b-55b017cf9f53
0,0,No Error,366,0,No Error,652,865209069519313,10,95,27,0,0,3,1738938071,1,0,25,BT106003012MT00221017838,59,83,4db8e093-a366-437b-bb9b-55b017cf9f53
0,0,No Error,366,0,No Error,652,865209069519313,10,95,27,0,0,3,1738938071,1,0,25,BT106003012MT00221017838,59,83,4db8e093-a366-437b-bb9b-55b017cf9f53
0,0,No Error,366,0,No Error,652,865209069519313,10,95,27,0,0,3,1738938101,1,0,25,BT106003012MT00221017838,59,83,4db8e093-a366-437b-bb9b-55b017cf9f53
0,0,No Error,366,0,No Error,652,865209069519313,10,95,27,0,0,3,1738938101,1,0,25,BT106003012MT00221017838,59,83,4db8e093-a366-437b-bb9b-55b017cf9f53
0,0,No Error,366,0,No Error,652,865209069519313,10,95,27,0,0,3,1738938101,1,0,25,BT106003012MT00221017838,59,83,4db8e093-a366-437b-bb9b-55b017cf9f53
0,0,No Error,366,0,No Error,652,865209069519313,10,95,27,0,0,3,1738938101,1,0,25,BT106003012MT00221017838,59,83,4db8e093-a366-437b-bb9b-55b017cf9f53
0,0,No Error,363,0,No Error,652,865209069519313,10,95,27,43,48,2,1738938968,1,36,25,BT106003012MT00221017838,42,83,4db8e093-a366-437b-bb9b-55b017cf9f53
0,0,No Error,363,0,No Error,652,865209069519313,10,95,27,43,48,2,1738938968,1,36,25,BT106003012MT00221017838,42,83,4db8e093-a366-437b-bb9b-55b017cf9f53
0,0,No Error,363,0,No Error,652,865209069519313,10,95,27,43,48,2,1738938968,1,36,25,BT106003012MT00221017838,42,83,4db8e093-a366-437b-bb9b-55b017cf9f53
0,0,No Error,363,0,No Error,652,865209069519313,10,95,27,43,48,2,1738938968,1,36,25,BT106003012MT00221017838,42,83,4db8e093-a366-437b-bb9b-55b017cf9f53
0,0,No Error,363,0,No Error,651,865209069519313,10,95,27,0,68,3,1738938998,1,336,25,BT106003012MT00221017838,46,84,4db8e093-a366-437b-bb9b-55b017cf9f53
0,0,No Error,363,0,No Error,651,865209069519313,10,95,27,0,68,3,1738938998,1,336,25,BT106003012MT00221017838,46,84,4db8e093-a366-437b-bb9b-55b017cf9f53
0,0,No Error,363,0,No Error,651,865209069519313,10,95,27,0,68,3,1738938998,1,336,25,BT106003012MT00221017838,46,84,4db8e093-a366-437b-bb9b-55b017cf9f53
0,0,No Error,363,0,No Error,651,865209069519313,10,95,27,0,68,3,1738938998,1,336,25,BT106003012MT00221017838,46,84,4db8e093-a366-437b-bb9b-55b017cf9f53
0,0,No Error,363,0,No Error,649,865209069519313,10,95,27,31,74,3,1738939028,1,384,25,BT106003012MT00221017838,47,83,4db8e093-a366-437b-bb9b-55b017cf9f53
0,0,No Error,363,0,No Error,649,865209069519313,10,95,27,31,74,3,1738939028,1,384,25,BT106003012MT00221017838,47,83,4db8e093-a366-437b-bb9b-55b017cf9f53
0,0,No Error,364,0,No Error,646,865209069519313,10,95,26,55,20,3,1738939058,1,204,25,BT106003012MT00221017838,48,83,4db8e093-a366-437b-bb9b-55b017cf9f53
0,0,No Error,364,0,No Error,646,865209069519313,10,95,26,55,20,3,1738939058,1,204,25,BT106003012MT00221017838,48,83,4db8e093-a366-437b-bb9b-55b017cf9f53
0,0,No Error,364,0,No Error,631,865209069519313,10,95,26,100,301,3,1738939088,1,444,25,BT106003012MT00221017838,50,83,4db8e093-a366-437b-bb9b-55b017cf9f53
0,0,No Error,364,0,No Error,631,865209069519313,10,95,26,100,301,3,1738939088,1,444,25,BT106003012MT00221017838,50,83,4db8e093-a366-437b-bb9b-55b017cf9f53
0,0,No Error,364,0,No Error,631,865209069519313,10,95,26,100,301,3,1738939088,1,444,25,BT106003012MT00221017838,50,83,4db8e093-a366-437b-bb9b-55b017cf9f53
0,0,No Error,364,0,No Error,631,865209069519313,10,95,26,100,301,3,1738939088,1,444,25,BT106003012MT00221017838,50,83,4db8e093-a366-437b-bb9b-55b017cf9f53
0,0,No Error,365,0,No Error,645,865209069519313,10,95,25,0,2,3,1738939118,1,378,25,BT106003012MT00221017838,50,83,4db8e093-a366-437b-bb9b-55b017cf9f53
0,0,No Error,365,0,No Error,645,865209069519313,10,95,25,0,2,3,1738939118,1,378,25,BT106003012MT00221017838,50,83,4db8e093-a366-437b-bb9b-55b017cf9f53
0,0,No Error,365,0,No Error,636,865209069519313,10,95,25,45,114,3,1738939148,1,456,25,BT106003012MT00221017838,51,84,4db8e093-a366-437b-bb9b-55b017cf9f53
0,0,No Error,365,0,No Error,636,865209069519313,10,95,25,45,114,3,1738939148,1,456,25,BT106003012MT00221017838,51,84,4db8e093-a366-437b-bb9b-55b017cf9f53
0,0,No Error,365,0,No Error,636,865209069519313,10,95,25,45,114,3,1738939148,1,456,25,BT106003012MT00221017838,51,84,4db8e093-a366-437b-bb9b-55b017cf9f53
0,0,No Error,365,0,No Error,636,865209069519313,10,95,25,45,114,3,1738939148,1,456,25,BT106003012MT00221017838,51,84,4db8e093-a366-437b-bb9b-55b017cf9f53
0,0,No Error,366,0,No Error,632,865209069519313,10,95,24,73,259,3,1738939178,1,450,25,BT106003012MT00221017838,52,83,4db8e093-a366-437b-bb9b-55b017cf9f53
0,0,No Error,366,0,No Error,632,865209069519313,10,95,24,73,259,3,1738939178,1,450,25,BT106003012MT00221017838,52,83,4db8e093-a366-437b-bb9b-55b017cf9f53
0,0,No Error,367,0,No Error,646,865209069519313,10,95,24,19,50,3,1738939209,1,216,25,BT106003012MT00221017838,52,83,4db8e093-a366-437b-bb9b-55b017cf9f53
0,0,No Error,367,0,No Error,646,865209069519313,10,95,24,19,50,3,1738939209,1,216,25,BT106003012MT00221017838,52,83,4db8e093-a366-437b-bb9b-55b017cf9f53
0,0,No Error,368,0,No Error,646,865209069519313,10,95,24,0,31,3,1738939239,1,48,25,BT106003012MT00221017838,53,83,4db8e093-a366-437b-bb9b-55b017cf9f53
0,0,No Error,368,0,No Error,646,865209069519313,10,95,24,0,31,3,1738939239,1,48,25,BT106003012MT00221017838,53,83,4db8e093-a366-437b-bb9b-55b017cf9f53
0,0,No Error,368,0,No Error,646,865209069519313,10,95,24,0,31,3,1738939239,1,48,25,BT106003012MT00221017838,53,83,4db8e093-a366-437b-bb9b-55b017cf9f53
0,0,No Error,368,0,No Error,646,865209069519313,10,95,24,0,31,3,1738939239,1,48,25,BT106003012MT00221017838,53,83,4db8e093-a366-437b-bb9b-55b017cf9f53
0,0,No Error,368,0,No Error,628,865209069519313,10,95,23,100,312,3,1738939269,1,378,25,BT106003012MT00221017838,54,83,4db8e093-a366-437b-bb9b-55b017cf9f53
0,0,No Error,368,0,No Error,628,865209069519313,10,95,23,100,312,3,1738939269,1,378,25,BT106003012MT00221017838,54,83,4db8e093-a366-437b-bb9b-55b017cf9f53
0,0,No Error,368,0,No Error,628,865209069519313,10,95,23,100,312,3,1738939269,1,378,25,BT106003012MT00221017838,54,83,4db8e093-a366-437b-bb9b-55b017cf9f53
0,0,No Error,368,0,No Error,628,865209069519313,10,95,23,100,312,3,1738939269,1,378,25,BT106003012MT00221017838,54,83,4db8e093-a366-437b-bb9b-55b017cf9f53
0,0,No Error,369,0,No Error,639,865209069519313,10,95,23,20,0,3,1738939299,1,180,25,BT106003012MT00221017838,55,83,4db8e093-a366-437b-bb9b-55b017cf9f53
0,0,No Error,369,0,No Error,639,865209069519313,10,95,23,20,0,3,1738939299,1,180,25,BT106003012MT00221017838,55,83,4db8e093-a366-437b-bb9b-55b017cf9f53
0,0,No Error,369,0,No Error,641,865209069519313,10,95,23,21,120,3,1738939329,1,294,25,BT106003012MT00221017838,55,84,4db8e093-a366-437b-bb9b-55b017cf9f53
0,0,No Error,369,0,No Error,641,865209069519313,10,95,23,21,120,3,1738939329,1,294,25,BT106003012MT00221017838,55,84,4db8e093-a366-437b-bb9b-55b017cf9f53
0,0,No Error,369,0,No Error,641,865209069519313,10,95,23,21,120,3,1738939329,1,294,25,BT106003012MT00221017838,55,84,4db8e093-a366-437b-bb9b-55b017cf9f53
0,0,No Error,369,0,No Error,641,865209069519313,10,95,23,21,120,3,1738939329,1,294,25,BT106003012MT00221017838,55,84,4db8e093-a366-437b-bb9b-55b017cf9f53
0,0,No Error,370,0,No Error,645,865209069519313,10,95,22,17,64,3,1738939359,1,240,25,BT106003012MT00221017838,55,83,4db8e093-a366-437b-bb9b-55b017cf9f53
0,0,No Error,370,0,No Error,645,865209069519313,10,95,22,17,64,3,1738939359,1,240,25,BT106003012MT00221017838,55,83,4db8e093-a366-437b-bb9b-55b017cf9f53
0,0,No Error,370,0,No Error,642,865209069519313,10,95,22,0,97,0,1738939389,1,186,25,BT106003012MT00221017838,55,83,4db8e093-a366-437b-bb9b-55b017cf9f53
0,0,No Error,370,0,No Error,642,865209069519313,10,95,22,0,97,0,1738939389,1,186,25,BT106003012MT00221017838,55,83,4db8e093-a366-437b-bb9b-55b017cf9f53
0,0,No Error,370,0,No Error,644,865209069519313,10,95,22,2,18,3,1738939419,1,384,25,BT106003012MT00221017838,55,83,4db8e093-a366-437b-bb9b-55b017cf9f53
0,0,No Error,370,0,No Error,644,865209069519313,10,95,22,2,18,3,1738939419,1,384,25,BT106003012MT00221017838,55,83,4db8e093-a366-437b-bb9b-55b017cf9f53
0,0,No Error,370,0,No Error,644,865209069519313,10,95,22,2,18,3,1738939419,1,384,25,BT106003012MT00221017838,55,83,4db8e093-a366-437b-bb9b-55b017cf9f53
0,0,No Error,370,0,No Error,644,865209069519313,10,95,22,2,18,3,1738939419,1,384,25,BT106003012MT00221017838,55,83,4db8e093-a366-437b-bb9b-55b017cf9f53
0,0,No Error,370,0,No Error,635,865209069519313,10,95,21,27,106,3,1738939449,1,342,25,BT106003012MT00221017838,56,83,4db8e093-a366-437b-bb9b-55b017cf9f53
0,0,No Error,370,0,No Error,635,865209069519313,10,95,21,27,106,3,1738939449,1,342,25,BT106003012MT00221017838,56,83,4db8e093-a366-437b-bb9b-55b017cf9f53
0,0,No Error,370,0,No Error,635,865209069519313,10,95,21,27,106,3,1738939449,1,342,25,BT106003012MT00221017838,56,83,4db8e093-a366-437b-bb9b-55b017cf9f53
0,0,No Error,370,0,No Error,635,865209069519313,10,95,21,27,106,3,1738939449,1,342,25,BT106003012MT00221017838,56,83,4db8e093-a366-437b-bb9b-55b017cf9f53
0,0,No Error,371,0,No Error,637,865209069519313,10,95,21,65,126,3,1738939479,1,474,25,BT106003012MT00221017838,56,83,4db8e093-a366-437b-bb9b-55b017cf9f53
0,0,No Error,371,0,No Error,637,865209069519313,10,95,21,65,126,3,1738939479,1,474,25,BT106003012MT00221017838,56,83,4db8e093-a366-437b-bb9b-55b017cf9f53
0,0,No Error,372,0,No Error,636,865209069519313,10,95,21,100,137,3,1738939509,1,474,25,BT106003012MT00221017838,56,83,4db8e093-a366-437b-bb9b-55b017cf9f53
0,0,No Error,372,0,No Error,636,865209069519313,10,95,21,100,137,3,1738939509,1,474,25,BT106003012MT00221017838,56,83,4db8e093-a366-437b-bb9b-55b017cf9f53
0,0,No Error,372,0,No Error,638,865209069519313,10,95,20,100,122,3,1738939539,1,468,25,BT106003012MT00221017838,56,83,4db8e093-a366-437b-bb9b-55b017cf9f53
0,0,No Error,372,0,No Error,638,865209069519313,10,95,20,100,122,3,1738939539,1,468,25,BT106003012MT00221017838,56,83,4db8e093-a366-437b-bb9b-55b017cf9f53
0,0,No Error,372,0,No Error,638,865209069519313,10,95,20,100,122,3,1738939539,1,468,25,BT106003012MT00221017838,56,83,4db8e093-a366-437b-bb9b-55b017cf9f53
0,0,No Error,372,0,No Error,638,865209069519313,10,95,20,100,122,3,1738939539,1,468,25,BT106003012MT00221017838,56,83,4db8e093-a366-437b-bb9b-55b017cf9f53
0,0,No Error,373,0,No Error,645,865209069519313,10,95,20,0,1,3,1738939569,1,72,25,BT106003012MT00221017838,56,83,4db8e093-a366-437b-bb9b-55b017cf9f53
0,0,No Error,373,0,No Error,645,865209069519313,10,95,20,0,1,3,1738939569,1,72,25,BT106003012MT00221017838,56,83,4db8e093-a366-437b-bb9b-55b017cf9f53
0,0,No Error,373,0,No Error,630,865209069519313,10,95,20,100,209,3,1738939600,1,444,25,BT106003012MT00221017838,57,83,4db8e093-a366-437b-bb9b-55b017cf9f53
0,0,No Error,373,0,No Error,630,865209069519313,10,95,20,100,209,3,1738939600,1,444,25,BT106003012MT00221017838,57,83,4db8e093-a366-437b-bb9b-55b017cf9f53
0,0,No Error,374,0,No Error,643,865209069519313,10,95,19,100,0,3,1738939630,1,270,25,BT106003012MT00221017838,58,83,4db8e093-a366-437b-bb9b-55b017cf9f53
0,0,No Error,374,0,No Error,643,865209069519313,10,95,19,100,0,3,1738939630,1,270,25,BT106003012MT00221017838,58,83,4db8e093-a366-437b-bb9b-55b017cf9f53
0,0,No Error,374,0,No Error,643,865209069519313,10,95,19,100,0,3,1738939630,1,270,25,BT106003012MT00221017838,58,83,4db8e093-a366-437b-bb9b-55b017cf9f53
0,0,No Error,374,0,No Error,643,865209069519313,10,95,19,100,0,3,1738939630,1,270,25,BT106003012MT00221017838,58,83,4db8e093-a366-437b-bb9b-55b017cf9f53
0,0,No Error,374,0,No Error,627,865209069519313,10,95,19,100,277,3,1738939660,1,456,25,BT106003012MT00221017838,58,83,4db8e093-a366-437b-bb9b-55b017cf9f53
0,0,No Error,374,0,No Error,627,865209069519313,10,95,19,100,277,3,1738939660,1,456,25,BT106003012MT00221017838,58,83,4db8e093-a366-437b-bb9b-55b017cf9f53
0,0,No Error,374,0,No Error,627,865209069519313,10,95,19,100,277,3,1738939660,1,456,25,BT106003012MT00221017838,58,83,4db8e093-a366-437b-bb9b-55b017cf9f53
0,0,No Error,374,0,No Error,627,865209069519313,10,95,19,100,277,3,1738939660,1,456,25,BT106003012MT00221017838,58,83,4db8e093-a366-437b-bb9b-55b017cf9f53
0,0,No Error,375,0,No Error,627,865209069519313,10,95,19,83,339,3,1738939690,1,450,25,BT106003012MT00221017838,58,83,4db8e093-a366-437b-bb9b-55b017cf9f53
0,0,No Error,375,0,No Error,627,865209069519313,10,95,19,83,339,3,1738939690,1,450,25,BT106003012MT00221017838,58,83,4db8e093-a366-437b-bb9b-55b017cf9f53
0,0,No Error,376,0,No Error,640,865209069519313,10,95,18,35,109,3,1738939720,1,180,25,BT106003012MT00221017838,58,83,4db8e093-a366-437b-bb9b-55b017cf9f53
0,0,No Error,376,0,No Error,640,865209069519313,10,95,18,35,109,3,1738939720,1,180,25,BT106003012MT00221017838,58,83,4db8e093-a366-437b-bb9b-55b017cf9f53
0,0,No Error,376,0,No Error,640,865209069519313,10,95,18,35,109,3,1738939720,1,180,25,BT106003012MT00221017838,58,83,4db8e093-a366-437b-bb9b-55b017cf9f53
0,0,No Error,376,0,No Error,640,865209069519313,10,95,18,35,109,3,1738939720,1,180,25,BT106003012MT00221017838,58,83,4db8e093-a366-437b-bb9b-55b017cf9f53
0,0,No Error,376,0,No Error,643,865209069519313,10,95,18,17,23,3,1738939750,1,54,25,BT106003012MT00221017838,59,83,4db8e093-a366-437b-bb9b-55b017cf9f53
0,0,No Error,376,0,No Error,643,865209069519313,10,95,18,17,23,3,1738939750,1,54,25,BT106003012MT00221017838,59,83,4db8e093-a366-437b-bb9b-55b017cf9f53
0,0,No Error,376,0,No Error,643,865209069519313,10,95,18,17,23,3,1738939750,1,54,25,BT106003012MT00221017838,59,83,4db8e093-a366-437b-bb9b-55b017cf9f53
0,0,No Error,376,0,No Error,643,865209069519313,10,95,18,17,23,3,1738939750,1,54,25,BT106003012MT00221017838,59,83,4db8e093-a366-437b-bb9b-55b017cf9f53
0,0,No Error,376,0,No Error,642,865209069519313,10,95,18,0,1,3,1738939780,1,342,25,BT106003012MT00221017838,59,83,4db8e093-a366-437b-bb9b-55b017cf9f53
0,0,No Error,376,0,No Error,642,865209069519313,10,95,18,0,1,3,1738939780,1,342,25,BT106003012MT00221017838,59,83,4db8e093-a366-437b-bb9b-55b017cf9f53
0,0,No Error,376,0,No Error,642,865209069519313,10,95,18,0,1,3,1738939780,1,342,25,BT106003012MT00221017838,59,83,4db8e093-a366-437b-bb9b-55b017cf9f53
0,0,No Error,376,0,No Error,642,865209069519313,10,95,18,0,1,3,1738939780,1,342,25,BT106003012MT00221017838,59,83,4db8e093-a366-437b-bb9b-55b017cf9f53
0,0,No Error,376,0,No Error,633,865209069519313,10,95,17,0,131,0,1738939810,1,432,25,BT106003012MT00221017838,59,83,4db8e093-a366-437b-bb9b-55b017cf9f53
0,0,No Error,376,0,No Error,633,865209069519313,10,95,17,0,131,0,1738939810,1,432,25,BT106003012MT00221017838,59,83,4db8e093-a366-437b-bb9b-55b017cf9f53
0,0,No Error,376,0,No Error,633,865209069519313,10,95,17,0,131,0,1738939810,1,432,25,BT106003012MT00221017838,59,83,4db8e093-a366-437b-bb9b-55b017cf9f53
0,0,No Error,376,0,No Error,633,865209069519313,10,95,17,0,131,0,1738939810,1,432,25,BT106003012MT00221017838,59,83,4db8e093-a366-437b-bb9b-55b017cf9f53
0,0,No Error,377,0,No Error,634,865209069519313,10,95,17,67,121,0,1738939840,1,474,25,BT106003012MT00221017838,60,83,4db8e093-a366-437b-bb9b-55b017cf9f53
0,0,No Error,377,0,No Error,634,865209069519313,10,95,17,67,121,0,1738939840,1,474,25,BT106003012MT00221017838,60,83,4db8e093-a366-437b-bb9b-55b017cf9f53
0,0,No Error,377,0,No Error,634,865209069519313,10,95,17,67,121,0,1738939840,1,474,25,BT106003012MT00221017838,60,83,4db8e093-a366-437b-bb9b-55b017cf9f53
0,0,No Error,377,0,No Error,634,865209069519313,10,95,17,67,121,0,1738939840,1,474,25,BT106003012MT00221017838,60,83,4db8e093-a366-437b-bb9b-55b017cf9f53
0,0,No Error,378,0,No Error,644,865209069519313,10,95,17,19,2,3,1738939870,1,6,25,BT106003012MT00221017838,60,83,4db8e093-a366-437b-bb9b-55b017cf9f53
0,0,No Error,378,0,No Error,644,865209069519313,10,95,17,19,2,3,1738939870,1,6,25,BT106003012MT00221017838,60,83,4db8e093-a366-437b-bb9b-55b017cf9f53
0,0,No Error,378,0,No Error,645,865209069519313,10,95,17,0,2,3,1738939900,1,0,25,BT106003012MT00221017838,58,83,4db8e093-a366-437b-bb9b-55b017cf9f53
0,0,No Error,378,0,No Error,645,865209069519313,10,95,17,0,2,3,1738939900,1,0,25,BT106003012MT00221017838,58,83,4db8e093-a366-437b-bb9b-55b017cf9f53
0,0,No Error,378,0,No Error,645,865209069519313,10,95,17,0,2,3,1738939900,1,0,25,BT106003012MT00221017838,58,83,4db8e093-a366-437b-bb9b-55b017cf9f53
0,0,No Error,378,0,No Error,645,865209069519313,10,95,17,0,2,3,1738939900,1,0,25,BT106003012MT00221017838,58,83,4db8e093-a366-437b-bb9b-55b017cf9f53
0,0,No Error,378,0,No Error,646,865209069519313,10,95,17,0,0,3,1738939930,1,0,25,BT106003012MT00221017838,57,83,4db8e093-a366-437b-bb9b-55b017cf9f53
0,0,No Error,378,0,No Error,646,865209069519313,10,95,17,0,0,3,1738939930,1,0,25,BT106003012MT00221017838,57,83,4db8e093-a366-437b-bb9b-55b017cf9f53
0,0,No Error,378,0,No Error,646,865209069519313,10,95,17,0,0,3,1738939960,1,0,25,BT106003012MT00221017838,56,83,4db8e093-a366-437b-bb9b-55b017cf9f53
0,0,No Error,378,0,No Error,646,865209069519313,10,95,17,0,0,3,1738939960,1,0,25,BT106003012MT00221017838,56,83,4db8e093-a366-437b-bb9b-55b017cf9f53
0,0,No Error,378,0,No Error,646,865209069519313,10,95,17,0,0,3,1738939960,1,0,25,BT106003012MT00221017838,56,83,4db8e093-a366-437b-bb9b-55b017cf9f53
0,0,No Error,378,0,No Error,646,865209069519313,10,95,17,0,0,3,1738939960,1,0,25,BT106003012MT00221017838,56,83,4db8e093-a366-437b-bb9b-55b017cf9f53
0,0,No Error,378,0,No Error,632,865209069519313,10,95,16,32,211,3,1738939990,1,336,25,BT106003012MT00221017838,58,83,4db8e093-a366-437b-bb9b-55b017cf9f53
0,0,No Error,378,0,No Error,632,865209069519313,10,95,16,32,211,3,1738939990,1,336,25,BT106003012MT00221017838,58,83,4db8e093-a366-437b-bb9b-55b017cf9f53
0,0,No Error,379,0,No Error,633,865209069519313,10,95,16,46,211,3,1738940020,1,216,25,BT106003012MT00221017838,58,83,4db8e093-a366-437b-bb9b-55b017cf9f53
0,0,No Error,379,0,No Error,633,865209069519313,10,95,16,46,211,3,1738940020,1,216,25,BT106003012MT00221017838,58,83,4db8e093-a366-437b-bb9b-55b017cf9f53
0,0,No Error,379,0,No Error,644,865209069519313,10,95,16,0,1,3,1738940050,1,0,25,BT106003012MT00221017838,59,83,4db8e093-a366-437b-bb9b-55b017cf9f53
0,0,No Error,379,0,No Error,644,865209069519313,10,95,16,0,1,3,1738940050,1,0,25,BT106003012MT00221017838,59,83,4db8e093-a366-437b-bb9b-55b017cf9f53
0,0,No Error,379,0,No Error,644,865209069519313,10,95,16,0,1,3,1738940050,1,0,25,BT106003012MT00221017838,59,83,4db8e093-a366-437b-bb9b-55b017cf9f53
0,0,No Error,379,0,No Error,644,865209069519313,10,95,16,0,1,3,1738940050,1,0,25,BT106003012MT00221017838,59,83,4db8e093-a366-437b-bb9b-55b017cf9f53
0,0,No Error,379,0,No Error,645,865209069519313,10,95,16,0,1,3,1738940080,1,0,25,BT106003012MT00221017838,57,83,4db8e093-a366-437b-bb9b-55b017cf9f53
0,0,No Error,379,0,No Error,645,865209069519313,10,95,16,0,1,3,1738940080,1,0,25,BT106003012MT00221017838,57,83,4db8e093-a366-437b-bb9b-55b017cf9f53
0,0,No Error,379,0,No Error,645,865209069519313,10,95,16,0,0,3,1738940110,1,0,25,BT106003012MT00221017838,56,83,4db8e093-a366-437b-bb9b-55b017cf9f53
0,0,No Error,379,0,No Error,645,865209069519313,10,95,16,0,0,3,1738940110,1,0,25,BT106003012MT00221017838,56,83,4db8e093-a366-437b-bb9b-55b017cf9f53
0,0,No Error,379,0,No Error,645,865209069519313,10,95,16,0,0,3,1738940110,1,0,25,BT106003012MT00221017838,56,83,4db8e093-a366-437b-bb9b-55b017cf9f53
0,0,No Error,379,0,No Error,645,865209069519313,10,95,16,0,0,3,1738940110,1,0,25,BT106003012MT00221017838,56,83,4db8e093-a366-437b-bb9b-55b017cf9f53
0,0,No Error,379,0,No Error,643,865209069519313,10,95,16,0,2,0,1738940140,1,60,25,BT106003012MT00221017838,57,83,4db8e093-a366-437b-bb9b-55b017cf9f53
0,0,No Error,379,0,No Error,643,865209069519313,10,95,16,0,2,0,1738940140,1,60,25,BT106003012MT00221017838,57,83,4db8e093-a366-437b-bb9b-55b017cf9f53
0,0,No Error,379,0,No Error,643,865209069519313,10,95,16,0,2,0,1738940140,1,60,25,BT106003012MT00221017838,57,83,4db8e093-a366-437b-bb9b-55b017cf9f53
0,0,No Error,379,0,No Error,643,865209069519313,10,95,16,0,2,0,1738940140,1,60,25,BT106003012MT00221017838,57,83,4db8e093-a366-437b-bb9b-55b017cf9f53
0,0,No Error,379,0,No Error,632,865209069519313,10,95,15,100,183,3,1738940170,1,468,25,BT106003012MT00221017838,59,83,4db8e093-a366-437b-bb9b-55b017cf9f53
0,0,No Error,379,0,No Error,632,865209069519313,10,95,15,100,183,3,1738940170,1,468,25,BT106003012MT00221017838,59,83,4db8e093-a366-437b-bb9b-55b017cf9f53
0,0,No Error,379,0,No Error,632,865209069519313,10,95,15,100,183,3,1738940170,1,468,25,BT106003012MT00221017838,59,83,4db8e093-a366-437b-bb9b-55b017cf9f53
0,0,No Error,379,0,No Error,632,865209069519313,10,95,15,100,183,3,1738940170,1,468,25,BT106003012MT00221017838,59,83,4db8e093-a366-437b-bb9b-55b017cf9f53
0,0,No Error,379,0,No Error,642,865209069519313,10,95,15,0,2,3,1738940200,1,0,25,BT106003012MT00221017838,59,83,4db8e093-a366-437b-bb9b-55b017cf9f53
0,0,No Error,379,0,No Error,642,865209069519313,10,95,15,0,2,3,1738940200,1,0,25,BT106003012MT00221017838,59,83,4db8e093-a366-437b-bb9b-55b017cf9f53
0,0,No Error,379,0,No Error,642,865209069519313,10,95,15,0,2,3,1738940200,1,0,25,BT106003012MT00221017838,59,83,4db8e093-a366-437b-bb9b-55b017cf9f53
0,0,No Error,379,0,No Error,642,865209069519313,10,95,15,0,2,3,1738940200,1,0,25,BT106003012MT00221017838,59,83,4db8e093-a366-437b-bb9b-55b017cf9f53
0,0,No Error,380,0,No Error,642,865209069519313,10,95,15,31,1,3,1738940230,1,6,25,BT106003012MT00221017838,60,83,4db8e093-a366-437b-bb9b-55b017cf9f53
0,0,No Error,380,0,No Error,642,865209069519313,10,95,15,31,1,3,1738940230,1,6,25,BT106003012MT00221017838,60,83,4db8e093-a366-437b-bb9b-55b017cf9f53
0,0,No Error,380,0,No Error,642,865209069519313,10,95,15,31,1,3,1738940230,1,6,25,BT106003012MT00221017838,60,83,4db8e093-a366-437b-bb9b-55b017cf9f53
0,0,No Error,380,0,No Error,642,865209069519313,10,95,15,31,1,3,1738940230,1,6,25,BT106003012MT00221017838,60,83,4db8e093-a366-437b-bb9b-55b017cf9f53
0,0,No Error,380,0,No Error,642,865209069519313,10,95,15,3,14,3,1738940260,1,102,25,BT106003012MT00221017838,60,83,4db8e093-a366-437b-bb9b-55b017cf9f53
0,0,No Error,380,0,No Error,642,865209069519313,10,95,15,3,14,3,1738940260,1,102,25,BT106003012MT00221017838,60,83,4db8e093-a366-437b-bb9b-55b017cf9f53
0,0,No Error,380,0,No Error,642,865209069519313,10,95,15,3,14,3,1738940260,1,102,25,BT106003012MT00221017838,60,83,4db8e093-a366-437b-bb9b-55b017cf9f53
0,0,No Error,380,0,No Error,642,865209069519313,10,95,15,3,14,3,1738940260,1,102,25,BT106003012MT00221017838,60,83,4db8e093-a366-437b-bb9b-55b017cf9f53
0,0,No Error,380,0,No Error,644,865209069519313,10,95,15,0,2,0,1738940290,1,0,25,BT106003012MT00221017838,58,83,4db8e093-a366-437b-bb9b-55b017cf9f53
0,0,No Error,380,0,No Error,644,865209069519313,10,95,15,0,2,0,1738940290,1,0,25,BT106003012MT00221017838,58,83,4db8e093-a366-437b-bb9b-55b017cf9f53
0,0,No Error,380,0,No Error,641,865209069519313,10,95,15,7,30,3,1738940320,1,216,25,BT106003012MT00221017838,57,83,4db8e093-a366-437b-bb9b-55b017cf9f53
0,0,No Error,380,0,No Error,641,865209069519313,10,95,15,7,30,3,1738940320,1,216,25,BT106003012MT00221017838,57,83,4db8e093-a366-437b-bb9b-55b017cf9f53
0,0,No Error,381,0,No Error,635,865209069519313,10,95,14,31,186,0,1738940350,1,282,25,BT106003012MT00221017838,59,83,4db8e093-a366-437b-bb9b-55b017cf9f53
0,0,No Error,381,0,No Error,635,865209069519313,10,95,14,31,186,0,1738940350,1,282,25,BT106003012MT00221017838,59,83,4db8e093-a366-437b-bb9b-55b017cf9f53
0,0,No Error,381,0,No Error,642,865209069519313,10,95,14,34,0,0,1738940380,1,72,25,BT106003012MT00221017838,59,83,4db8e093-a366-437b-bb9b-55b017cf9f53
0,0,No Error,381,0,No Error,642,865209069519313,10,95,14,34,0,0,1738940380,1,72,25,BT106003012MT00221017838,59,83,4db8e093-a366-437b-bb9b-55b017cf9f53
0,0,No Error,381,0,No Error,643,865209069519313,10,95,14,0,1,3,1738940410,1,0,25,BT106003012MT00221017838,59,83,4db8e093-a366-437b-bb9b-55b017cf9f53
0,0,No Error,381,0,No Error,643,865209069519313,10,95,14,0,1,3,1738940410,1,0,25,BT106003012MT00221017838,59,83,4db8e093-a366-437b-bb9b-55b017cf9f53
0,0,No Error,381,0,No Error,644,865209069519313,10,95,14,0,1,3,1738940440,1,0,25,BT106003012MT00221017838,57,83,4db8e093-a366-437b-bb9b-55b017cf9f53
0,0,No Error,381,0,No Error,644,865209069519313,10,95,14,0,1,3,1738940440,1,0,25,BT106003012MT00221017838,57,83,4db8e093-a366-437b-bb9b-55b017cf9f53
0,0,No Error,381,0,No Error,644,865209069519313,10,95,14,0,1,3,1738940440,1,0,25,BT106003012MT00221017838,57,83,4db8e093-a366-437b-bb9b-55b017cf9f53
0,0,No Error,381,0,No Error,644,865209069519313,10,95,14,0,1,3,1738940440,1,0,25,BT106003012MT00221017838,57,83,4db8e093-a366-437b-bb9b-55b017cf9f53
0,0,No Error,381,0,No Error,644,865209069519313,10,95,14,0,0,0,1738940471,1,0,25,BT106003012MT00221017838,56,83,4db8e093-a366-437b-bb9b-55b017cf9f53
0,0,No Error,381,0,No Error,644,865209069519313,10,95,14,0,0,0,1738940471,1,0,25,BT106003012MT00221017838,56,83,4db8e093-a366-437b-bb9b-55b017cf9f53
0,0,No Error,381,0,No Error,644,865209069519313,10,95,14,0,0,0,1738940471,1,0,25,BT106003012MT00221017838,56,83,4db8e093-a366-437b-bb9b-55b017cf9f53
0,0,No Error,381,0,No Error,644,865209069519313,10,95,14,0,0,0,1738940471,1,0,25,BT106003012MT00221017838,56,83,4db8e093-a366-437b-bb9b-55b017cf9f53
0,0,No Error,381,0,No Error,640,865209069519313,10,95,14,41,105,3,1738940501,1,66,25,BT106003012MT00221017838,56,83,4db8e093-a366-437b-bb9b-55b017cf9f53
0,0,No Error,381,0,No Error,640,865209069519313,10,95,14,41,105,3,1738940501,1,66,25,BT106003012MT00221017838,56,83,4db8e093-a366-437b-bb9b-55b017cf9f53
0,0,No Error,380,0,No Error,644,865209069519313,10,95,14,0,0,3,1738940531,1,0,25,BT106003012MT00221017838,56,83,4db8e093-a366-437b-bb9b-55b017cf9f53
0,0,No Error,380,0,No Error,644,865209069519313,10,95,14,0,0,3,1738940531,1,0,25,BT106003012MT00221017838,56,83,4db8e093-a366-437b-bb9b-55b017cf9f53
0,0,No Error,380,0,No Error,644,865209069519313,10,95,14,0,0,3,1738940561,1,0,25,BT106003012MT00221017838,55,83,4db8e093-a366-437b-bb9b-55b017cf9f53
0,0,No Error,380,0,No Error,644,865209069519313,10,95,14,0,0,3,1738940561,1,0,25,BT106003012MT00221017838,55,83,4db8e093-a366-437b-bb9b-55b017cf9f53
0,0,No Error,380,0,No Error,645,865209069519313,10,95,14,0,0,3,1738940591,1,0,25,BT106003012MT00221017838,54,83,4db8e093-a366-437b-bb9b-55b017cf9f53
0,0,No Error,380,0,No Error,645,865209069519313,10,95,14,0,0,3,1738940591,1,0,25,BT106003012MT00221017838,54,83,4db8e093-a366-437b-bb9b-55b017cf9f53
0,0,No Error,380,0,No Error,645,865209069519313,10,95,14,0,0,3,1738940591,1,0,25,BT106003012MT00221017838,54,83,4db8e093-a366-437b-bb9b-55b017cf9f53
0,0,No Error,380,0,No Error,645,865209069519313,10,95,14,0,0,3,1738940591,1,0,25,BT106003012MT00221017838,54,83,4db8e093-a366-437b-bb9b-55b017cf9f53
0,0,No Error,380,0,No Error,645,865209069519313,10,95,14,0,0,0,1738940621,1,0,25,BT106003012MT00221017838,54,83,4db8e093-a366-437b-bb9b-55b017cf9f53
0,0,No Error,380,0,No Error,645,865209069519313,10,95,14,0,0,0,1738940621,1,0,25,BT106003012MT00221017838,54,83,4db8e093-a366-437b-bb9b-55b017cf9f53
0,0,No Error,380,0,No Error,645,865209069519313,10,95,14,0,0,0,1738940621,1,0,25,BT106003012MT00221017838,54,83,4db8e093-a366-437b-bb9b-55b017cf9f53
0,0,No Error,380,0,No Error,645,865209069519313,10,95,14,0,0,0,1738940621,1,0,25,BT106003012MT00221017838,54,83,4db8e093-a366-437b-bb9b-55b017cf9f53
0,0,No Error,380,0,No Error,645,865209069519313,10,95,14,0,0,0,1738940651,1,0,25,BT106003012MT00221017838,54,83,4db8e093-a366-437b-bb9b-55b017cf9f53
0,0,No Error,380,0,No Error,645,865209069519313,10,95,14,0,0,0,1738940651,1,0,25,BT106003012MT00221017838,54,83,4db8e093-a366-437b-bb9b-55b017cf9f53
0,0,No Error,380,0,No Error,645,865209069519313,10,95,14,0,0,0,1738940651,1,0,25,BT106003012MT00221017838,54,83,4db8e093-a366-437b-bb9b-55b017cf9f53
0,0,No Error,380,0,No Error,645,865209069519313,10,95,14,0,0,0,1738940651,1,0,25,BT106003012MT00221017838,54,83,4db8e093-a366-437b-bb9b-55b017cf9f53
0,0,No Error,380,0,No Error,645,865209069519313,10,95,14,0,0,3,1738940681,1,0,25,BT106003012MT00221017838,53,83,4db8e093-a366-437b-bb9b-55b017cf9f53
0,0,No Error,380,0,No Error,645,865209069519313,10,95,14,0,0,3,1738940681,1,0,25,BT106003012MT00221017838,53,83,4db8e093-a366-437b-bb9b-55b017cf9f53
0,0,No Error,380,0,No Error,645,865209069519313,10,95,14,0,0,3,1738940711,1,0,25,BT106003012MT00221017838,53,83,4db8e093-a366-437b-bb9b-55b017cf9f53
0,0,No Error,380,0,No Error,645,865209069519313,10,95,14,0,0,3,1738940711,1,0,25,BT106003012MT00221017838,53,83,4db8e093-a366-437b-bb9b-55b017cf9f53
0,0,No Error,380,0,No Error,645,865209069519313,10,95,14,0,0,3,1738940711,1,0,25,BT106003012MT00221017838,53,83,4db8e093-a366-437b-bb9b-55b017cf9f53
0,0,No Error,380,0,No Error,645,865209069519313,10,95,14,0,0,3,1738940711,1,0,25,BT106003012MT00221017838,53,83,4db8e093-a366-437b-bb9b-55b017cf9f53
0,0,No Error,380,0,No Error,645,865209069519313,10,95,14,0,0,0,1738940741,1,0,25,BT106003012MT00221017838,52,83,4db8e093-a366-437b-bb9b-55b017cf9f53
0,0,No Error,380,0,No Error,645,865209069519313,10,95,14,0,0,0,1738940741,1,0,25,BT106003012MT00221017838,52,83,4db8e093-a366-437b-bb9b-55b017cf9f53
0,0,No Error,380,0,No Error,645,865209069519313,10,95,14,0,0,0,1738940741,1,0,25,BT106003012MT00221017838,52,83,4db8e093-a366-437b-bb9b-55b017cf9f53
0,0,No Error,380,0,No Error,645,865209069519313,10,95,14,0,0,0,1738940741,1,0,25,BT106003012MT00221017838,52,83,4db8e093-a366-437b-bb9b-55b017cf9f53
0,0,No Error,380,0,No Error,645,865209069519313,10,95,14,0,0,0,1738940771,1,0,25,BT106003012MT00221017838,52,83,4db8e093-a366-437b-bb9b-55b017cf9f53
0,0,No Error,380,0,No Error,645,865209069519313,10,95,14,0,0,0,1738940771,1,0,25,BT106003012MT00221017838,52,83,4db8e093-a366-437b-bb9b-55b017cf9f53
0,0,No Error,379,0,No Error,645,865209069519313,10,95,14,0,0,3,1738940801,1,0,25,BT106003012MT00221017838,51,83,4db8e093-a366-437b-bb9b-55b017cf9f53
0,0,No Error,379,0,No Error,645,865209069519313,10,95,14,0,0,3,1738940801,1,0,25,BT106003012MT00221017838,51,83,4db8e093-a366-437b-bb9b-55b017cf9f53
0,0,No Error,379,0,No Error,645,865209069519313,10,95,14,0,0,3,1738940831,1,0,25,BT106003012MT00221017838,51,83,4db8e093-a366-437b-bb9b-55b017cf9f53
0,0,No Error,379,0,No Error,645,865209069519313,10,95,14,0,0,3,1738940831,1,0,25,BT106003012MT00221017838,51,83,4db8e093-a366-437b-bb9b-55b017cf9f53
0,0,No Error,379,0,No Error,645,865209069519313,10,95,14,0,0,3,1738940831,1,0,25,BT106003012MT00221017838,51,83,4db8e093-a366-437b-bb9b-55b017cf9f53
0,0,No Error,379,0,No Error,645,865209069519313,10,95,14,0,0,3,1738940831,1,0,25,BT106003012MT00221017838,51,83,4db8e093-a366-437b-bb9b-55b017cf9f53
0,0,No Error,380,0,No Error,625,865209069519313,10,95,13,100,324,3,1738940861,1,390,25,BT106003012MT00221017838,54,83,4db8e093-a366-437b-bb9b-55b017cf9f53
0,0,No Error,380,0,No Error,625,865209069519313,10,95,13,100,324,3,1738940861,1,390,25,BT106003012MT00221017838,54,83,4db8e093-a366-437b-bb9b-55b017cf9f53
0,0,No Error,380,0,No Error,625,865209069519313,10,95,13,100,324,3,1738940861,1,390,25,BT106003012MT00221017838,54,83,4db8e093-a366-437b-bb9b-55b017cf9f53
0,0,No Error,380,0,No Error,625,865209069519313,10,95,13,100,324,3,1738940861,1,390,25,BT106003012MT00221017838,54,83,4db8e093-a366-437b-bb9b-55b017cf9f53
0,0,No Error,381,0,No Error,639,865209069519313,10,95,13,100,9,0,1738940891,1,120,25,BT106003012MT00221017838,54,83,4db8e093-a366-437b-bb9b-55b017cf9f53
0,0,No Error,381,0,No Error,639,865209069519313,10,95,13,100,9,0,1738940891,1,120,25,BT106003012MT00221017838,54,83,4db8e093-a366-437b-bb9b-55b017cf9f53
0,0,No Error,381,0,No Error,639,865209069519313,10,95,13,100,9,0,1738940891,1,120,25,BT106003012MT00221017838,54,83,4db8e093-a366-437b-bb9b-55b017cf9f53
0,0,No Error,381,0,No Error,639,865209069519313,10,95,13,100,9,0,1738940891,1,120,25,BT106003012MT00221017838,54,83,4db8e093-a366-437b-bb9b-55b017cf9f53
0,0,No Error,381,0,No Error,641,865209069519313,10,95,13,0,56,0,1738940921,1,312,25,BT106003012MT00221017838,56,83,4db8e093-a366-437b-bb9b-55b017cf9f53
0,0,No Error,381,0,No Error,641,865209069519313,10,95,13,0,56,0,1738940921,1,312,25,BT106003012MT00221017838,56,83,4db8e093-a366-437b-bb9b-55b017cf9f53
0,0,No Error,381,0,No Error,641,865209069519313,10,95,13,0,56,0,1738940921,1,312,25,BT106003012MT00221017838,56,83,4db8e093-a366-437b-bb9b-55b017cf9f53
0,0,No Error,381,0,No Error,641,865209069519313,10,95,13,0,56,0,1738940921,1,312,25,BT106003012MT00221017838,56,83,4db8e093-a366-437b-bb9b-55b017cf9f53
0,0,No Error,382,0,No Error,629,865209069519313,10,95,12,100,109,3,1738940951,1,468,25,BT106003012MT00221017838,57,83,4db8e093-a366-437b-bb9b-55b017cf9f53
0,0,No Error,382,0,No Error,629,865209069519313,10,95,12,100,109,3,1738940951,1,468,25,BT106003012MT00221017838,57,83,4db8e093-a366-437b-bb9b-55b017cf9f53
0,0,No Error,382,0,No Error,629,865209069519313,10,95,12,100,109,3,1738940951,1,468,25,BT106003012MT00221017838,57,83,4db8e093-a366-437b-bb9b-55b017cf9f53
0,0,No Error,382,0,No Error,629,865209069519313,10,95,12,100,109,3,1738940951,1,468,25,BT106003012MT00221017838,57,83,4db8e093-a366-437b-bb9b-55b017cf9f53
0,0,No Error,383,0,No Error,636,865209069519313,10,95,12,0,0,3,1738940981,1,186,25,BT106003012MT00221017838,57,83,4db8e093-a366-437b-bb9b-55b017cf9f53
0,0,No Error,383,0,No Error,636,865209069519313,10,95,12,0,0,3,1738940981,1,186,25,BT106003012MT00221017838,57,83,4db8e093-a366-437b-bb9b-55b017cf9f53
0,0,No Error,383,0,No Error,636,865209069519313,10,95,12,0,0,3,1738940981,1,186,25,BT106003012MT00221017838,57,83,4db8e093-a366-437b-bb9b-55b017cf9f53
0,0,No Error,383,0,No Error,636,865209069519313,10,95,12,0,0,3,1738940981,1,186,25,BT106003012MT00221017838,57,83,4db8e093-a366-437b-bb9b-55b017cf9f53
0,0,No Error,383,0,No Error,637,865209069519313,10,95,12,7,0,3,1738941011,1,192,25,BT106003012MT00221017838,57,83,4db8e093-a366-437b-bb9b-55b017cf9f53
0,0,No Error,383,0,No Error,637,865209069519313,10,95,12,7,0,3,1738941011,1,192,25,BT106003012MT00221017838,57,83,4db8e093-a366-437b-bb9b-55b017cf9f53
0,0,No Error,383,0,No Error,641,865209069519313,10,95,12,0,2,3,1738941041,1,0,25,BT106003012MT00221017838,56,83,4db8e093-a366-437b-bb9b-55b017cf9f53
0,0,No Error,383,0,No Error,641,865209069519313,10,95,12,0,2,3,1738941041,1,0,25,BT106003012MT00221017838,56,83,4db8e093-a366-437b-bb9b-55b017cf9f53
0,0,No Error,383,0,No Error,641,865209069519313,10,95,12,0,2,3,1738941041,1,0,25,BT106003012MT00221017838,56,83,4db8e093-a366-437b-bb9b-55b017cf9f53
0,0,No Error,383,0,No Error,641,865209069519313,10,95,12,0,2,3,1738941041,1,0,25,BT106003012MT00221017838,56,83,4db8e093-a366-437b-bb9b-55b017cf9f53
0,0,No Error,383,0,No Error,641,865209069519313,10,95,12,0,1,3,1738941071,1,0,25,BT106003012MT00221017838,55,83,4db8e093-a366-437b-bb9b-55b017cf9f53
0,0,No Error,383,0,No Error,641,865209069519313,10,95,12,0,1,3,1738941071,1,0,25,BT106003012MT00221017838,55,83,4db8e093-a366-437b-bb9b-55b017cf9f53
0,0,No Error,383,0,No Error,642,865209069519313,10,95,12,0,0,3,1738941101,1,0,25,BT106003012MT00221017838,54,83,4db8e093-a366-437b-bb9b-55b017cf9f53
0,0,No Error,383,0,No Error,642,865209069519313,10,95,12,0,0,3,1738941101,1,0,25,BT106003012MT00221017838,54,83,4db8e093-a366-437b-bb9b-55b017cf9f53
0,0,No Error,383,0,No Error,642,865209069519313,10,95,12,0,0,3,1738941101,1,0,25,BT106003012MT00221017838,54,83,4db8e093-a366-437b-bb9b-55b017cf9f53
0,0,No Error,383,0,No Error,642,865209069519313,10,95,12,0,0,3,1738941101,1,0,25,BT106003012MT00221017838,54,83,4db8e093-a366-437b-bb9b-55b017cf9f53
0,0,No Error,383,0,No Error,642,865209069519313,10,95,12,0,0,3,1738941131,1,0,25,BT106003012MT00221017838,54,83,4db8e093-a366-437b-bb9b-55b017cf9f53
0,0,No Error,383,0,No Error,642,865209069519313,10,95,12,0,0,3,1738941131,1,0,25,BT106003012MT00221017838,54,83,4db8e093-a366-437b-bb9b-55b017cf9f53
0,0,No Error,383,0,No Error,642,865209069519313,10,95,12,0,0,3,1738941131,1,0,25,BT106003012MT00221017838,54,83,4db8e093-a366-437b-bb9b-55b017cf9f53
0,0,No Error,383,0,No Error,642,865209069519313,10,95,12,0,0,3,1738941131,1,0,25,BT106003012MT00221017838,54,83,4db8e093-a366-437b-bb9b-55b017cf9f53
0,0,No Error,383,0,No Error,642,865209069519313,10,95,12,0,0,3,1738941161,1,0,25,BT106003012MT00221017838,53,83,4db8e093-a366-437b-bb9b-55b017cf9f53
0,0,No Error,383,0,No Error,642,865209069519313,10,95,12,0,0,3,1738941161,1,0,25,BT106003012MT00221017838,53,83,4db8e093-a366-437b-bb9b-55b017cf9f53
0,0,No Error,383,0,No Error,642,865209069519313,10,95,12,0,0,3,1738941161,1,0,25,BT106003012MT00221017838,53,83,4db8e093-a366-437b-bb9b-55b017cf9f53
0,0,No Error,383,0,No Error,642,865209069519313,10,95,12,0,0,3,1738941161,1,0,25,BT106003012MT00221017838,53,83,4db8e093-a366-437b-bb9b-55b017cf9f53
0,0,No Error,383,0,No Error,643,865209069519313,10,95,12,0,0,3,1738941191,1,65530,25,BT106003012MT00221017838,53,83,4db8e093-a366-437b-bb9b-55b017cf9f53
0,0,No Error,383,0,No Error,643,865209069519313,10,95,12,0,0,3,1738941191,1,65530,25,BT106003012MT00221017838,53,83,4db8e093-a366-437b-bb9b-55b017cf9f53
0,0,No Error,383,0,No Error,643,865209069519313,10,95,12,0,0,3,1738941191,1,65530,25,BT106003012MT00221017838,53,83,4db8e093-a366-437b-bb9b-55b017cf9f53
0,0,No Error,383,0,No Error,643,865209069519313,10,95,12,0,0,3,1738941191,1,65530,25,BT106003012MT00221017838,53,83,4db8e093-a366-437b-bb9b-55b017cf9f53
0,0,No Error,383,0,No Error,633,865209069519313,10,95,11,13,50,3,1738941221,1,246,25,BT106003012MT00221017838,54,83,4db8e093-a366-437b-bb9b-55b017cf9f53
0,0,No Error,383,0,No Error,633,865209069519313,10,95,11,13,50,3,1738941221,1,246,25,BT106003012MT00221017838,54,83,4db8e093-a366-437b-bb9b-55b017cf9f53
0,0,No Error,383,0,No Error,633,865209069519313,10,95,11,13,50,3,1738941221,1,246,25,BT106003012MT00221017838,54,83,4db8e093-a366-437b-bb9b-55b017cf9f53
0,0,No Error,383,0,No Error,633,865209069519313,10,95,11,13,50,3,1738941221,1,246,25,BT106003012MT00221017838,54,83,4db8e093-a366-437b-bb9b-55b017cf9f53
0,0,No Error,383,0,No Error,633,865209069519313,10,95,11,65,257,3,1738941251,1,90,25,BT106003012MT00221017838,56,83,4db8e093-a366-437b-bb9b-55b017cf9f53
0,0,No Error,383,0,No Error,633,865209069519313,10,95,11,65,257,3,1738941251,1,90,25,BT106003012MT00221017838,56,83,4db8e093-a366-437b-bb9b-55b017cf9f53
0,0,No Error,383,0,No Error,633,865209069519313,10,95,11,65,257,3,1738941251,1,90,25,BT106003012MT00221017838,56,83,4db8e093-a366-437b-bb9b-55b017cf9f53
0,0,No Error,383,0,No Error,633,865209069519313,10,95,11,65,257,3,1738941251,1,90,25,BT106003012MT00221017838,56,83,4db8e093-a366-437b-bb9b-55b017cf9f53
0,0,No Error,384,0,No Error,637,865209069519313,10,95,11,12,0,0,1738941281,1,180,25,BT106003012MT00221017838,58,83,4db8e093-a366-437b-bb9b-55b017cf9f53
0,0,No Error,384,0,No Error,637,865209069519313,10,95,11,12,0,0,1738941281,1,180,25,BT106003012MT00221017838,58,83,4db8e093-a366-437b-bb9b-55b017cf9f53
0,0,No Error,384,0,No Error,637,865209069519313,10,95,11,12,0,0,1738941281,1,180,25,BT106003012MT00221017838,58,83,4db8e093-a366-437b-bb9b-55b017cf9f53
0,0,No Error,384,0,No Error,637,865209069519313,10,95,11,12,0,0,1738941281,1,180,25,BT106003012MT00221017838,58,83,4db8e093-a366-437b-bb9b-55b017cf9f53
0,0,No Error,384,0,No Error,625,865209069519313,10,95,10,95,299,3,1738941311,1,114,25,BT106003012MT00221017838,58,83,4db8e093-a366-437b-bb9b-55b017cf9f53
0,0,No Error,384,0,No Error,625,865209069519313,10,95,10,95,299,3,1738941311,1,114,25,BT106003012MT00221017838,58,83,4db8e093-a366-437b-bb9b-55b017cf9f53
0,0,No Error,385,0,No Error,628,865209069519313,10,95,10,33,213,3,1738941342,1,336,25,BT106003012MT00221017838,59,83,4db8e093-a366-437b-bb9b-55b017cf9f53
0,0,No Error,385,0,No Error,628,865209069519313,10,95,10,33,213,3,1738941342,1,336,25,BT106003012MT00221017838,59,83,4db8e093-a366-437b-bb9b-55b017cf9f53
0,0,No Error,385,0,No Error,628,865209069519313,10,95,10,33,213,3,1738941342,1,336,25,BT106003012MT00221017838,59,83,4db8e093-a366-437b-bb9b-55b017cf9f53
0,0,No Error,385,0,No Error,628,865209069519313,10,95,10,33,213,3,1738941342,1,336,25,BT106003012MT00221017838,59,83,4db8e093-a366-437b-bb9b-55b017cf9f53
0,0,No Error,386,0,No Error,621,865209069519313,10,95,9,100,279,3,1738941372,1,366,25,BT106003012MT00221017838,60,83,4db8e093-a366-437b-bb9b-55b017cf9f53
0,0,No Error,386,0,No Error,621,865209069519313,10,95,9,100,279,3,1738941372,1,366,25,BT106003012MT00221017838,60,83,4db8e093-a366-437b-bb9b-55b017cf9f53
0,0,No Error,386,0,No Error,621,865209069519313,10,95,9,100,279,3,1738941372,1,366,25,BT106003012MT00221017838,60,83,4db8e093-a366-437b-bb9b-55b017cf9f53
0,0,No Error,386,0,No Error,621,865209069519313,10,95,9,100,279,3,1738941372,1,366,25,BT106003012MT00221017838,60,83,4db8e093-a366-437b-bb9b-55b017cf9f53
0,0,No Error,387,0,No Error,634,865209069519313,10,95,9,5,16,0,1738941402,1,90,25,BT106003012MT00221017838,61,83,4db8e093-a366-437b-bb9b-55b017cf9f53
0,0,No Error,387,0,No Error,634,865209069519313,10,95,9,5,16,0,1738941402,1,90,25,BT106003012MT00221017838,61,83,4db8e093-a366-437b-bb9b-55b017cf9f53
0,0,No Error,387,0,No Error,638,865209069519313,10,95,9,0,0,3,1738941432,1,6,25,BT106003012MT00221017838,61,83,4db8e093-a366-437b-bb9b-55b017cf9f53
0,0,No Error,387,0,No Error,638,865209069519313,10,95,9,0,0,3,1738941432,1,6,25,BT106003012MT00221017838,61,83,4db8e093-a366-437b-bb9b-55b017cf9f53
0,0,No Error,387,0,No Error,639,865209069519313,10,95,9,0,0,3,1738941462,1,6,25,BT106003012MT00221017838,61,83,4db8e093-a366-437b-bb9b-55b017cf9f53
0,0,No Error,387,0,No Error,639,865209069519313,10,95,9,0,0,3,1738941462,1,6,25,BT106003012MT00221017838,61,83,4db8e093-a366-437b-bb9b-55b017cf9f53
0,0,No Error,387,0,No Error,639,865209069519313,10,95,9,0,0,3,1738941462,1,6,25,BT106003012MT00221017838,61,83,4db8e093-a366-437b-bb9b-55b017cf9f53
0,0,No Error,387,0,No Error,639,865209069519313,10,95,9,0,0,3,1738941462,1,6,25,BT106003012MT00221017838,61,83,4db8e093-a366-437b-bb9b-55b017cf9f53
0,0,No Error,387,0,No Error,640,865209069519313,10,95,9,0,0,3,1738941492,1,6,25,BT106003012MT00221017838,61,83,4db8e093-a366-437b-bb9b-55b017cf9f53
0,0,No Error,387,0,No Error,640,865209069519313,10,95,9,0,0,3,1738941492,1,6,25,BT106003012MT00221017838,61,83,4db8e093-a366-437b-bb9b-55b017cf9f53
0,0,No Error,387,0,No Error,640,865209069519313,10,95,9,0,0,3,1738941492,1,6,25,BT106003012MT00221017838,61,83,4db8e093-a366-437b-bb9b-55b017cf9f53
0,0,No Error,387,0,No Error,640,865209069519313,10,95,9,0,0,3,1738941492,1,6,25,BT106003012MT00221017838,61,83,4db8e093-a366-437b-bb9b-55b017cf9f53
0,0,No Error,387,0,No Error,640,865209069519313,10,95,9,0,0,3,1738941522,1,6,25,BT106003012MT00221017838,61,83,4db8e093-a366-437b-bb9b-55b017cf9f53
0,0,No Error,387,0,No Error,640,865209069519313,10,95,9,0,0,3,1738941522,1,6,25,BT106003012MT00221017838,61,83,4db8e093-a366-437b-bb9b-55b017cf9f53
0,0,No Error,387,0,No Error,640,865209069519313,10,95,9,0,0,3,1738941522,1,6,25,BT106003012MT00221017838,61,83,4db8e093-a366-437b-bb9b-55b017cf9f53
0,0,No Error,387,0,No Error,640,865209069519313,10,95,9,0,0,3,1738941522,1,6,25,BT106003012MT00221017838,61,83,4db8e093-a366-437b-bb9b-55b017cf9f53
0,0,No Error,387,0,No Error,641,865209069519313,10,95,9,0,0,3,1738941552,1,6,25,BT106003012MT00221017838,61,83,4db8e093-a366-437b-bb9b-55b017cf9f53
0,0,No Error,387,0,No Error,641,865209069519313,10,95,9,0,0,3,1738941552,1,6,25,BT106003012MT00221017838,61,83,4db8e093-a366-437b-bb9b-55b017cf9f53
0,0,No Error,387,0,No Error,641,865209069519313,10,95,9,0,0,3,1738941552,1,6,25,BT106003012MT00221017838,61,83,4db8e093-a366-437b-bb9b-55b017cf9f53
0,0,No Error,387,0,No Error,641,865209069519313,10,95,9,0,0,3,1738941552,1,6,25,BT106003012MT00221017838,61,83,4db8e093-a366-437b-bb9b-55b017cf9f53
0,0,No Error,387,0,No Error,641,865209069519313,10,95,9,0,0,3,1738941582,1,6,25,BT106003012MT00221017838,61,82,4db8e093-a366-437b-bb9b-55b017cf9f53
0,0,No Error,387,0,No Error,641,865209069519313,10,95,9,0,0,3,1738941582,1,6,25,BT106003012MT00221017838,61,82,4db8e093-a366-437b-bb9b-55b017cf9f53
0,0,No Error,387,0,No Error,641,865209069519313,10,95,9,0,0,3,1738941582,1,6,25,BT106003012MT00221017838,61,82,4db8e093-a366-437b-bb9b-55b017cf9f53
0,0,No Error,387,0,No Error,641,865209069519313,10,95,9,0,0,3,1738941582,1,6,25,BT106003012MT00221017838,61,82,4db8e093-a366-437b-bb9b-55b017cf9f53
0,0,No Error,376,0,No Error,643,865209069519313,10,95,9,0,0,2,1738944751,1,0,25,BT106003012MT00221017838,34,82,4db8e093-a366-437b-bb9b-55b017cf9f53
0,0,No Error,376,0,No Error,643,865209069519313,10,95,9,0,0,2,1738944751,1,0,25,BT106003012MT00221017838,34,82,4db8e093-a366-437b-bb9b-55b017cf9f53
0,0,No Error,376,0,No Error,643,865209069519313,10,95,9,0,0,2,1738944751,1,0,25,BT106003012MT00221017838,34,82,4db8e093-a366-437b-bb9b-55b017cf9f53
0,0,No Error,376,0,No Error,643,865209069519313,10,95,9,0,0,2,1738944751,1,0,25,BT106003012MT00221017838,34,82,4db8e093-a366-437b-bb9b-55b017cf9f53
0,0,No Error,375,0,No Error,643,865209069519313,10,95,9,0,0,2,1738944781,1,0,25,BT106003012MT00221017838,34,82,4db8e093-a366-437b-bb9b-55b017cf9f53
0,0,No Error,375,0,No Error,643,865209069519313,10,95,9,0,0,2,1738944781,1,0,25,BT106003012MT00221017838,34,82,4db8e093-a366-437b-bb9b-55b017cf9f53
0,0,No Error,375,0,No Error,643,865209069519313,10,95,9,0,0,2,1738944811,1,0,25,BT106003012MT00221017838,34,82,4db8e093-a366-437b-bb9b-55b017cf9f53
0,0,No Error,375,0,No Error,643,865209069519313,10,95,9,0,0,2,1738944811,1,0,25,BT106003012MT00221017838,34,82,4db8e093-a366-437b-bb9b-55b017cf9f53
0,0,No Error,375,0,No Error,643,865209069519313,10,95,9,0,0,2,1738944811,1,0,25,BT106003012MT00221017838,34,82,4db8e093-a366-437b-bb9b-55b017cf9f53
0,0,No Error,375,0,No Error,643,865209069519313,10,95,9,0,0,2,1738944811,1,0,25,BT106003012MT00221017838,34,82,4db8e093-a366-437b-bb9b-55b017cf9f53
0,0,No Error,375,0,No Error,643,865209069519313,10,95,9,0,0,2,1738944841,1,0,25,BT106003012MT00221017838,34,82,4db8e093-a366-437b-bb9b-55b017cf9f53
0,0,No Error,375,0,No Error,643,865209069519313,10,95,9,0,0,2,1738944841,1,0,25,BT106003012MT00221017838,34,82,4db8e093-a366-437b-bb9b-55b017cf9f53
0,0,No Error,375,0,No Error,643,865209069519313,10,95,9,0,0,2,1738944841,1,0,25,BT106003012MT00221017838,34,82,4db8e093-a366-437b-bb9b-55b017cf9f53
0,0,No Error,375,0,No Error,643,865209069519313,10,95,9,0,0,2,1738944841,1,0,25,BT106003012MT00221017838,34,82,4db8e093-a366-437b-bb9b-55b017cf9f53
0,0,No Error,375,0,No Error,643,865209069519313,10,95,9,0,0,2,1738944871,1,0,25,BT106003012MT00221017838,34,82,4db8e093-a366-437b-bb9b-55b017cf9f53
0,0,No Error,375,0,No Error,643,865209069519313,10,95,9,0,0,2,1738944871,1,0,25,BT106003012MT00221017838,34,82,4db8e093-a366-437b-bb9b-55b017cf9f53
0,0,No Error,375,0,No Error,643,865209069519313,10,95,9,0,0,2,1738944901,1,0,25,BT106003012MT00221017838,34,82,4db8e093-a366-437b-bb9b-55b017cf9f53
0,0,No Error,375,0,No Error,643,865209069519313,10,95,9,0,0,2,1738944901,1,0,25,BT106003012MT00221017838,34,82,4db8e093-a366-437b-bb9b-55b017cf9f53
0,0,No Error,375,0,No Error,643,865209069519313,10,95,9,0,0,2,1738944901,1,0,25,BT106003012MT00221017838,34,82,4db8e093-a366-437b-bb9b-55b017cf9f53
0,0,No Error,375,0,No Error,643,865209069519313,10,95,9,0,0,2,1738944901,1,0,25,BT106003012MT00221017838,34,82,4db8e093-a366-437b-bb9b-55b017cf9f53
0,0,No Error,365,0,No Error,643,865209069519313,10,95,9,22,0,0,1738947382,1,6,25,BT106003012MT00221017838,31,83,4db8e093-a366-437b-bb9b-55b017cf9f53
0,0,No Error,365,0,No Error,643,865209069519313,10,95,9,22,0,0,1738947382,1,6,25,BT106003012MT00221017838,31,83,4db8e093-a366-437b-bb9b-55b017cf9f53
0,0,No Error,365,0,No Error,643,865209069519313,10,95,9,22,0,0,1738947382,1,6,25,BT106003012MT00221017838,31,83,4db8e093-a366-437b-bb9b-55b017cf9f53
0,0,No Error,365,0,No Error,643,865209069519313,10,95,9,22,0,0,1738947382,1,6,25,BT106003012MT00221017838,31,83,4db8e093-a366-437b-bb9b-55b017cf9f53
0,0,No Error,365,0,No Error,636,865209069519313,10,95,8,22,95,3,1738947412,1,456,25,BT106003012MT00221017838,34,83,4db8e093-a366-437b-bb9b-55b017cf9f53
0,0,No Error,365,0,No Error,636,865209069519313,10,95,8,22,95,3,1738947412,1,456,25,BT106003012MT00221017838,34,83,4db8e093-a366-437b-bb9b-55b017cf9f53
0,0,No Error,365,0,No Error,636,865209069519313,10,95,8,22,95,3,1738947412,1,456,25,BT106003012MT00221017838,34,83,4db8e093-a366-437b-bb9b-55b017cf9f53
0,0,No Error,365,0,No Error,636,865209069519313,10,95,8,22,95,3,1738947412,1,456,25,BT106003012MT00221017838,34,83,4db8e093-a366-437b-bb9b-55b017cf9f53
0,0,No Error,365,0,No Error,630,865209069519313,10,95,8,46,163,3,1738947442,1,450,25,BT106003012MT00221017838,34,83,4db8e093-a366-437b-bb9b-55b017cf9f53
0,0,No Error,365,0,No Error,630,865209069519313,10,95,8,46,163,3,1738947442,1,450,25,BT106003012MT00221017838,34,83,4db8e093-a366-437b-bb9b-55b017cf9f53
0,0,No Error,365,0,No Error,630,865209069519313,10,95,8,46,163,3,1738947442,1,450,25,BT106003012MT00221017838,34,83,4db8e093-a366-437b-bb9b-55b017cf9f53
0,0,No Error,365,0,No Error,630,865209069519313,10,95,8,46,163,3,1738947442,1,450,25,BT106003012MT00221017838,34,83,4db8e093-a366-437b-bb9b-55b017cf9f53
0,0,No Error,366,0,No Error,625,865209069519313,10,95,8,60,162,3,1738947472,1,450,25,BT106003012MT00221017838,35,83,4db8e093-a366-437b-bb9b-55b017cf9f53
0,0,No Error,366,0,No Error,625,865209069519313,10,95,8,60,162,3,1738947472,1,450,25,BT106003012MT00221017838,35,83,4db8e093-a366-437b-bb9b-55b017cf9f53
0,0,No Error,367,0,No Error,632,865209069519313,10,95,7,0,2,3,1738947502,1,396,25,BT106003012MT00221017838,35,83,4db8e093-a366-437b-bb9b-55b017cf9f53
0,0,No Error,367,0,No Error,632,865209069519313,10,95,7,0,2,3,1738947502,1,396,25,BT106003012MT00221017838,35,83,4db8e093-a366-437b-bb9b-55b017cf9f53
0,0,No Error,367,0,No Error,627,865209069519313,10,95,7,45,132,3,1738947532,1,456,25,BT106003012MT00221017838,36,83,4db8e093-a366-437b-bb9b-55b017cf9f53
0,0,No Error,367,0,No Error,627,865209069519313,10,95,7,45,132,3,1738947532,1,456,25,BT106003012MT00221017838,36,83,4db8e093-a366-437b-bb9b-55b017cf9f53
0,0,No Error,367,0,No Error,627,865209069519313,10,95,7,45,132,3,1738947532,1,456,25,BT106003012MT00221017838,36,83,4db8e093-a366-437b-bb9b-55b017cf9f53
0,0,No Error,367,0,No Error,627,865209069519313,10,95,7,45,132,3,1738947532,1,456,25,BT106003012MT00221017838,36,83,4db8e093-a366-437b-bb9b-55b017cf9f53
0,0,No Error,368,0,No Error,625,865209069519313,10,95,6,49,140,3,1738947562,1,450,25,BT106003012MT00221017838,37,83,4db8e093-a366-437b-bb9b-55b017cf9f53
0,0,No Error,368,0,No Error,625,865209069519313,10,95,6,49,140,3,1738947562,1,450,25,BT106003012MT00221017838,37,83,4db8e093-a366-437b-bb9b-55b017cf9f53
0,0,No Error,369,0,No Error,625,865209069519313,10,95,6,53,110,3,1738947592,1,468,25,BT106003012MT00221017838,37,83,4db8e093-a366-437b-bb9b-55b017cf9f53
0,0,No Error,369,0,No Error,625,865209069519313,10,95,6,53,110,3,1738947592,1,468,25,BT106003012MT00221017838,37,83,4db8e093-a366-437b-bb9b-55b017cf9f53
0,0,No Error,369,0,No Error,625,865209069519313,10,95,6,53,110,3,1738947592,1,468,25,BT106003012MT00221017838,37,83,4db8e093-a366-437b-bb9b-55b017cf9f53
0,0,No Error,369,0,No Error,625,865209069519313,10,95,6,53,110,3,1738947592,1,468,25,BT106003012MT00221017838,37,83,4db8e093-a366-437b-bb9b-55b017cf9f53
0,0,No Error,369,0,No Error,634,865209069519313,10,95,6,0,17,0,1738947622,1,174,25,BT106003012MT00221017838,37,83,4db8e093-a366-437b-bb9b-55b017cf9f53
0,0,No Error,369,0,No Error,634,865209069519313,10,95,6,0,17,0,1738947622,1,174,25,BT106003012MT00221017838,37,83,4db8e093-a366-437b-bb9b-55b017cf9f53
0,0,No Error,369,0,No Error,634,865209069519313,10,95,6,0,17,0,1738947622,1,174,25,BT106003012MT00221017838,37,83,4db8e093-a366-437b-bb9b-55b017cf9f53
0,0,No Error,369,0,No Error,634,865209069519313,10,95,6,0,17,0,1738947622,1,174,25,BT106003012MT00221017838,37,83,4db8e093-a366-437b-bb9b-55b017cf9f53
0,0,No Error,369,0,No Error,635,865209069519313,10,95,0,0,0,3,1738947652,1,0,25,BT106003012MT00221017838,37,82,4db8e093-a366-437b-bb9b-55b017cf9f53
0,0,No Error,369,0,No Error,635,865209069519313,10,95,0,0,0,3,1738947652,1,0,25,BT106003012MT00221017838,37,82,4db8e093-a366-437b-bb9b-55b017cf9f53
0,0,No Error,369,0,No Error,635,865209069519313,10,95,0,0,0,3,1738947652,1,0,25,BT106003012MT00221017838,37,82,4db8e093-a366-437b-bb9b-55b017cf9f53
0,0,No Error,369,0,No Error,635,865209069519313,10,95,0,0,0,3,1738947652,1,0,25,BT106003012MT00221017838,37,82,4db8e093-a366-437b-bb9b-55b017cf9f53
0,0,No Error,369,0,No Error,635,865209069519313,10,95,0,0,0,3,1738947682,1,0,25,BT106003012MT00221017838,37,82,4db8e093-a366-437b-bb9b-55b017cf9f53
0,0,No Error,369,0,No Error,635,865209069519313,10,95,0,0,0,3,1738947682,1,0,25,BT106003012MT00221017838,37,82,4db8e093-a366-437b-bb9b-55b017cf9f53
0,0,No Error,369,0,No Error,635,865209069519313,10,95,0,0,0,3,1738947682,1,0,25,BT106003012MT00221017838,37,82,4db8e093-a366-437b-bb9b-55b017cf9f53
0,0,No Error,369,0,No Error,635,865209069519313,10,95,0,0,0,3,1738947682,1,0,25,BT106003012MT00221017838,37,82,4db8e093-a366-437b-bb9b-55b017cf9f53
0,0,No Error,369,0,No Error,635,865209069519313,10,95,0,0,0,3,1738947712,1,0,25,BT106003012MT00221017838,37,82,4db8e093-a366-437b-bb9b-55b017cf9f53
0,0,No Error,369,0,No Error,635,865209069519313,10,95,0,0,0,3,1738947712,1,0,25,BT106003012MT00221017838,37,82,4db8e093-a366-437b-bb9b-55b017cf9f53
0,0,No Error,369,0,No Error,635,865209069519313,10,95,0,0,0,3,1738947712,1,0,25,BT106003012MT00221017838,37,82,4db8e093-a366-437b-bb9b-55b017cf9f53
0,0,No Error,369,0,No Error,635,865209069519313,10,95,0,0,0,3,1738947712,1,0,25,BT106003012MT00221017838,37,82,4db8e093-a366-437b-bb9b-55b017cf9f53
0,0,No Error,369,0,No Error,635,865209069519313,10,95,0,0,0,3,1738947742,1,0,25,BT106003012MT00221017838,37,82,4db8e093-a366-437b-bb9b-55b017cf9f53
0,0,No Error,369,0,No Error,635,865209069519313,10,95,0,0,0,3,1738947742,1,0,25,BT106003012MT00221017838,37,82,4db8e093-a366-437b-bb9b-55b017cf9f53
0,0,No Error,369,0,No Error,635,865209069519313,10,95,0,0,0,3,1738947742,1,0,25,BT106003012MT00221017838,37,82,4db8e093-a366-437b-bb9b-55b017cf9f53
0,0,No Error,369,0,No Error,635,865209069519313,10,95,0,0,0,3,1738947742,1,0,25,BT106003012MT00221017838,37,82,4db8e093-a366-437b-bb9b-55b017cf9f53
0,0,No Error,369,0,No Error,635,865209069519313,10,95,0,0,0,3,1738947772,1,0,25,BT106003012MT00221017838,37,82,4db8e093-a366-437b-bb9b-55b017cf9f53
0,0,No Error,369,0,No Error,635,865209069519313,10,95,0,0,0,3,1738947772,1,0,25,BT106003012MT00221017838,37,82,4db8e093-a366-437b-bb9b-55b017cf9f53
0,0,No Error,324,0,No Error,665,865209069519313,14,100,100,0,0,3,1738947802,1,0,25,BT106003012MT00221017711,37,82,4db8e093-a366-437b-bb9b-55b017cf9f53
0,0,No Error,324,0,No Error,665,865209069519313,14,100,100,0,0,3,1738947802,1,0,25,BT106003012MT00221017711,37,82,4db8e093-a366-437b-bb9b-55b017cf9f53
0,0,No Error,324,0,No Error,665,865209069519313,14,100,100,0,0,3,1738947802,1,0,25,BT106003012MT00221017711,37,82,4db8e093-a366-437b-bb9b-55b017cf9f53
0,0,No Error,324,0,No Error,665,865209069519313,14,100,100,0,0,3,1738947802,1,0,25,BT106003012MT00221017711,37,82,4db8e093-a366-437b-bb9b-55b017cf9f53
0,0,No Error,324,0,No Error,648,865209069519313,14,100,100,100,308,3,1738947832,1,198,25,BT106003012MT00221017711,37,83,4db8e093-a366-437b-bb9b-55b017cf9f53
0,0,No Error,324,0,No Error,648,865209069519313,14,100,100,100,308,3,1738947832,1,198,25,BT106003012MT00221017711,37,83,4db8e093-a366-437b-bb9b-55b017cf9f53
0,0,No Error,324,0,No Error,648,865209069519313,14,100,100,100,308,3,1738947832,1,198,25,BT106003012MT00221017711,37,83,4db8e093-a366-437b-bb9b-55b017cf9f53
0,0,No Error,324,0,No Error,648,865209069519313,14,100,100,100,308,3,1738947832,1,198,25,BT106003012MT00221017711,37,83,4db8e093-a366-437b-bb9b-55b017cf9f53
0,0,No Error,324,0,No Error,652,865209069519313,14,100,100,96,159,3,1738947862,1,486,25,BT106003012MT00221017711,39,83,4db8e093-a366-437b-bb9b-55b017cf9f53
0,0,No Error,324,0,No Error,652,865209069519313,14,100,100,96,159,3,1738947862,1,486,25,BT106003012MT00221017711,39,83,4db8e093-a366-437b-bb9b-55b017cf9f53
0,0,No Error,324,0,No Error,661,865209069519313,14,100,100,0,36,0,1738947892,1,240,25,BT106003012MT00221017711,39,83,4db8e093-a366-437b-bb9b-55b017cf9f53
0,0,No Error,324,0,No Error,661,865209069519313,14,100,100,0,36,0,1738947892,1,240,25,BT106003012MT00221017711,39,83,4db8e093-a366-437b-bb9b-55b017cf9f53
0,0,No Error,324,0,No Error,661,865209069519313,14,100,100,0,36,0,1738947892,1,240,25,BT106003012MT00221017711,39,83,4db8e093-a366-437b-bb9b-55b017cf9f53
0,0,No Error,324,0,No Error,661,865209069519313,14,100,100,0,36,0,1738947892,1,240,25,BT106003012MT00221017711,39,83,4db8e093-a366-437b-bb9b-55b017cf9f53
0,0,No Error,325,0,No Error,662,865209069519313,14,100,100,0,0,3,1738947922,1,0,25,BT106003012MT00221017711,39,82,4db8e093-a366-437b-bb9b-55b017cf9f53
0,0,No Error,325,0,No Error,662,865209069519313,14,100,100,0,0,3,1738947922,1,0,25,BT106003012MT00221017711,39,82,4db8e093-a366-437b-bb9b-55b017cf9f53
0,0,No Error,325,0,No Error,662,865209069519313,14,100,100,0,0,3,1738947922,1,0,25,BT106003012MT00221017711,39,82,4db8e093-a366-437b-bb9b-55b017cf9f53
0,0,No Error,325,0,No Error,662,865209069519313,14,100,100,0,0,3,1738947922,1,0,25,BT106003012MT00221017711,39,82,4db8e093-a366-437b-bb9b-55b017cf9f53
0,0,No Error,325,0,No Error,663,865209069519313,14,100,100,0,0,3,1738947952,1,0,25,BT106003012MT00221017711,39,82,4db8e093-a366-437b-bb9b-55b017cf9f53
0,0,No Error,325,0,No Error,663,865209069519313,14,100,100,0,0,3,1738947952,1,0,25,BT106003012MT00221017711,39,82,4db8e093-a366-437b-bb9b-55b017cf9f53
0,0,No Error,325,0,No Error,663,865209069519313,14,100,100,0,0,3,1738947983,1,0,25,BT106003012MT00221017711,39,82,4db8e093-a366-437b-bb9b-55b017cf9f53
0,0,No Error,325,0,No Error,663,865209069519313,14,100,100,0,0,3,1738947983,1,0,25,BT106003012MT00221017711,39,82,4db8e093-a366-437b-bb9b-55b017cf9f53
0,0,No Error,325,0,No Error,663,865209069519313,14,100,100,0,0,3,1738948013,1,0,25,BT106003012MT00221017711,39,82,4db8e093-a366-437b-bb9b-55b017cf9f53
0,0,No Error,325,0,No Error,663,865209069519313,14,100,100,0,0,3,1738948013,1,0,25,BT106003012MT00221017711,39,82,4db8e093-a366-437b-bb9b-55b017cf9f53
0,0,No Error,325,0,No Error,663,865209069519313,14,100,100,0,0,3,1738948013,1,0,25,BT106003012MT00221017711,39,82,4db8e093-a366-437b-bb9b-55b017cf9f53
0,0,No Error,325,0,No Error,663,865209069519313,14,100,100,0,0,3,1738948013,1,0,25,BT106003012MT00221017711,39,82,4db8e093-a366-437b-bb9b-55b017cf9f53
0,0,No Error,325,0,No Error,663,865209069519313,14,100,100,0,0,3,1738948043,1,0,25,BT106003012MT00221017711,39,82,4db8e093-a366-437b-bb9b-55b017cf9f53
0,0,No Error,325,0,No Error,663,865209069519313,14,100,100,0,0,3,1738948043,1,0,25,BT106003012MT00221017711,39,82,4db8e093-a366-437b-bb9b-55b017cf9f53
0,0,No Error,325,0,No Error,646,865209069519313,14,100,100,100,313,3,1738948073,1,312,25,BT106003012MT00221017711,37,83,4db8e093-a366-437b-bb9b-55b017cf9f53
0,0,No Error,325,0,No Error,646,865209069519313,14,100,100,100,313,3,1738948073,1,312,25,BT106003012MT00221017711,37,83,4db8e093-a366-437b-bb9b-55b017cf9f53
0,0,No Error,325,0,No Error,646,865209069519313,14,100,100,100,313,3,1738948073,1,312,25,BT106003012MT00221017711,37,83,4db8e093-a366-437b-bb9b-55b017cf9f53
0,0,No Error,325,0,No Error,646,865209069519313,14,100,100,100,313,3,1738948073,1,312,25,BT106003012MT00221017711,37,83,4db8e093-a366-437b-bb9b-55b017cf9f53
0,0,No Error,325,0,No Error,652,865209069519313,14,100,100,100,141,3,1738948103,1,486,25,BT106003012MT00221017711,39,83,4db8e093-a366-437b-bb9b-55b017cf9f53
0,0,No Error,325,0,No Error,652,865209069519313,14,100,100,100,141,3,1738948103,1,486,25,BT106003012MT00221017711,39,83,4db8e093-a366-437b-bb9b-55b017cf9f53
0,0,No Error,325,0,No Error,652,865209069519313,14,100,100,100,141,3,1738948103,1,486,25,BT106003012MT00221017711,39,83,4db8e093-a366-437b-bb9b-55b017cf9f53
0,0,No Error,325,0,No Error,652,865209069519313,14,100,100,100,141,3,1738948103,1,486,25,BT106003012MT00221017711,39,83,4db8e093-a366-437b-bb9b-55b017cf9f53
0,0,No Error,325,0,No Error,646,865209069519313,14,100,100,93,326,3,1738948133,1,330,25,BT106003012MT00221017711,41,83,4db8e093-a366-437b-bb9b-55b017cf9f53
0,0,No Error,325,0,No Error,646,865209069519313,14,100,100,93,326,3,1738948133,1,330,25,BT106003012MT00221017711,41,83,4db8e093-a366-437b-bb9b-55b017cf9f53
0,0,No Error,326,0,No Error,657,865209069519313,14,100,100,0,1,3,1738948163,1,486,25,BT106003012MT00221017711,42,83,4db8e093-a366-437b-bb9b-55b017cf9f53
0,0,No Error,326,0,No Error,657,865209069519313,14,100,100,0,1,3,1738948163,1,486,25,BT106003012MT00221017711,42,83,4db8e093-a366-437b-bb9b-55b017cf9f53
0,0,No Error,326,0,No Error,657,865209069519313,14,100,100,0,1,3,1738948163,1,486,25,BT106003012MT00221017711,42,83,4db8e093-a366-437b-bb9b-55b017cf9f53
0,0,No Error,326,0,No Error,657,865209069519313,14,100,100,0,1,3,1738948163,1,486,25,BT106003012MT00221017711,42,83,4db8e093-a366-437b-bb9b-55b017cf9f53
0,0,No Error,326,0,No Error,652,865209069519313,14,100,100,70,162,3,1738948193,1,480,25,BT106003012MT00221017711,42,83,4db8e093-a366-437b-bb9b-55b017cf9f53
0,0,No Error,326,0,No Error,652,865209069519313,14,100,100,70,162,3,1738948193,1,480,25,BT106003012MT00221017711,42,83,4db8e093-a366-437b-bb9b-55b017cf9f53
0,0,No Error,326,0,No Error,652,865209069519313,14,100,100,70,162,3,1738948193,1,480,25,BT106003012MT00221017711,42,83,4db8e093-a366-437b-bb9b-55b017cf9f53
0,0,No Error,326,0,No Error,652,865209069519313,14,100,100,70,162,3,1738948193,1,480,25,BT106003012MT00221017711,42,83,4db8e093-a366-437b-bb9b-55b017cf9f53
0,0,No Error,326,0,No Error,644,865209069519313,14,100,100,78,272,3,1738948223,1,444,25,BT106003012MT00221017711,42,83,4db8e093-a366-437b-bb9b-55b017cf9f53
0,0,No Error,326,0,No Error,644,865209069519313,14,100,100,78,272,3,1738948223,1,444,25,BT106003012MT00221017711,42,83,4db8e093-a366-437b-bb9b-55b017cf9f53
0,0,No Error,326,0,No Error,644,865209069519313,14,100,100,78,272,3,1738948223,1,444,25,BT106003012MT00221017711,42,83,4db8e093-a366-437b-bb9b-55b017cf9f53
0,0,No Error,326,0,No Error,644,865209069519313,14,100,100,78,272,3,1738948223,1,444,25,BT106003012MT00221017711,42,83,4db8e093-a366-437b-bb9b-55b017cf9f53
0,0,No Error,327,0,No Error,660,865209069519313,14,100,100,0,0,3,1738948253,1,0,25,BT106003012MT00221017711,44,83,4db8e093-a366-437b-bb9b-55b017cf9f53
0,0,No Error,327,0,No Error,660,865209069519313,14,100,100,0,0,3,1738948253,1,0,25,BT106003012MT00221017711,44,83,4db8e093-a366-437b-bb9b-55b017cf9f53
0,0,No Error,328,0,No Error,662,865209069519313,14,100,100,0,0,3,1738948283,1,0,25,BT106003012MT00221017711,44,83,4db8e093-a366-437b-bb9b-55b017cf9f53
0,0,No Error,328,0,No Error,662,865209069519313,14,100,100,0,0,3,1738948283,1,0,25,BT106003012MT00221017711,44,83,4db8e093-a366-437b-bb9b-55b017cf9f53
0,0,No Error,328,0,No Error,663,865209069519313,14,100,100,0,0,3,1738948313,1,0,25,BT106003012MT00221017711,44,82,4db8e093-a366-437b-bb9b-55b017cf9f53
0,0,No Error,328,0,No Error,663,865209069519313,14,100,100,0,0,3,1738948313,1,0,25,BT106003012MT00221017711,44,82,4db8e093-a366-437b-bb9b-55b017cf9f53
0,0,No Error,328,0,No Error,663,865209069519313,14,100,100,0,0,3,1738948313,1,0,25,BT106003012MT00221017711,44,82,4db8e093-a366-437b-bb9b-55b017cf9f53
0,0,No Error,328,0,No Error,663,865209069519313,14,100,100,0,0,3,1738948313,1,0,25,BT106003012MT00221017711,44,82,4db8e093-a366-437b-bb9b-55b017cf9f53
0,0,No Error,328,0,No Error,662,865209069519313,14,100,100,0,0,0,1738948343,1,0,25,BT106003012MT00221017711,43,83,4db8e093-a366-437b-bb9b-55b017cf9f53
0,0,No Error,328,0,No Error,662,865209069519313,14,100,100,0,0,0,1738948343,1,0,25,BT106003012MT00221017711,43,83,4db8e093-a366-437b-bb9b-55b017cf9f53
0,0,No Error,328,0,No Error,663,865209069519313,14,100,100,0,0,0,1738948373,1,0,25,BT106003012MT00221017711,43,82,4db8e093-a366-437b-bb9b-55b017cf9f53
0,0,No Error,328,0,No Error,663,865209069519313,14,100,100,0,0,0,1738948373,1,0,25,BT106003012MT00221017711,43,82,4db8e093-a366-437b-bb9b-55b017cf9f53
0,0,No Error,328,0,No Error,663,865209069519313,14,100,100,0,0,0,1738948403,1,0,25,BT106003012MT00221017711,43,82,4db8e093-a366-437b-bb9b-55b017cf9f53
0,0,No Error,328,0,No Error,663,865209069519313,14,100,100,0,0,0,1738948403,1,0,25,BT106003012MT00221017711,43,82,4db8e093-a366-437b-bb9b-55b017cf9f53
0,0,No Error,328,0,No Error,663,865209069519313,14,100,100,0,0,0,1738948403,1,0,25,BT106003012MT00221017711,43,82,4db8e093-a366-437b-bb9b-55b017cf9f53
0,0,No Error,328,0,No Error,663,865209069519313,14,100,100,0,0,0,1738948403,1,0,25,BT106003012MT00221017711,43,82,4db8e093-a366-437b-bb9b-55b017cf9f53
0,0,No Error,328,0,No Error,663,865209069519313,14,100,100,0,0,0,1738948433,1,0,25,BT106003012MT00221017711,43,82,4db8e093-a366-437b-bb9b-55b017cf9f53
0,0,No Error,328,0,No Error,663,865209069519313,14,100,100,0,0,0,1738948433,1,0,25,BT106003012MT00221017711,43,82,4db8e093-a366-437b-bb9b-55b017cf9f53
0,0,No Error,328,0,No Error,663,865209069519313,14,100,100,0,0,0,1738948433,1,0,25,BT106003012MT00221017711,43,82,4db8e093-a366-437b-bb9b-55b017cf9f53
0,0,No Error,328,0,No Error,663,865209069519313,14,100,100,0,0,0,1738948433,1,0,25,BT106003012MT00221017711,43,82,4db8e093-a366-437b-bb9b-55b017cf9f53
0,0,No Error,328,0,No Error,664,865209069519313,14,100,100,0,0,0,1738948493,1,0,25,BT106003012MT00221017711,43,82,4db8e093-a366-437b-bb9b-55b017cf9f53
0,0,No Error,328,0,No Error,664,865209069519313,14,100,100,0,0,0,1738948493,1,0,25,BT106003012MT00221017711,43,82,4db8e093-a366-437b-bb9b-55b017cf9f53
0,0,No Error,328,0,No Error,664,865209069519313,14,100,100,0,0,0,1738948493,1,0,25,BT106003012MT00221017711,43,82,4db8e093-a366-437b-bb9b-55b017cf9f53
0,0,No Error,328,0,No Error,664,865209069519313,14,100,100,0,0,0,1738948493,1,0,25,BT106003012MT00221017711,43,82,4db8e093-a366-437b-bb9b-55b017cf9f53
0,0,No Error,328,0,No Error,664,865209069519313,14,100,100,0,0,0,1738948523,1,0,25,BT106003012MT00221017711,43,82,4db8e093-a366-437b-bb9b-55b017cf9f53
0,0,No Error,328,0,No Error,664,865209069519313,14,100,100,0,0,0,1738948523,1,0,25,BT106003012MT00221017711,43,82,4db8e093-a366-437b-bb9b-55b017cf9f53
